x;y;z;vx;vy;vz
-9.684012830257416;-2.069181203842163;0.10215193033218384;180.77832698822021;-470.8321952819824;82.38022327423096
-6.550209224224091;-1.1832252144813538;0.06420984864234924;153.888258934021;-506.41021728515625;202.60268211364746
-8.920253813266754;-0.7408082485198975;2.7045361697673798;148.30162525177002;-408.52601051330566;174.44706916809082
-7.747341133654118;-0.8219853043556213;1.5977159142494202;151.93286418914795;-415.4732894897461;223.3286190032959
-7.525228522717953;0.21298527717590332;-2.0648226141929626;179.2860460281372;-403.69980812072754;207.042875289917
-6.5410444512963295;1.1354371905326843;-0.1235179603099823;86.58529043197632;-541.7465972900391;224.1584300994873
-7.288735918700695;0.9527385234832764;-2.1015331149101257;10.93591421842575;-465.25978088378906;342.72640228271484
-10.330132395029068;-0.892232358455658;-0.5471371114253998;211.34099006652832;-416.78812980651855;308.963098526001
-5.943341553211212;-1.5981048345565796;0.33864453434944153;138.55361938476562;-189.9276638031006;435.1971244812012
-6.18268009275198;-1.5349209308624268;1.2169227004051208;237.10033893585205;-510.52282333374023;143.0489730834961
-10.262050107121468;1.343071460723877;1.0040558874607086;171.62356853485107;-461.41785621643066;90.76457977294922
-6.1405302956700325;0.5392491817474365;-0.9387262165546417;-109.03037309646606;-361.4980888366699;406.58778190612793
-9.214710630476475;0.016142427921295166;-0.9657897055149078;237.8585386276245;-414.54151153564453;275.5990219116211
-6.436450593173504;1.104511320590973;-1.6057290136814117;78.26179504394531;-354.3025875091553;374.8715400695801
-8.962712064385414;-1.6782402992248535;0.7579229772090912;132.43995666503906;-390.1758098602295;266.21838569641113
-6.206905469298363;0.8030712604522705;0.892900675535202;21.195448637008667;-477.62755393981934;283.3128547668457
-9.011310338973999;-2.129758894443512;-0.44149160385131836;157.2696304321289;-501.56164169311523;128.39986324310303
-8.254869282245636;-2.923750877380371;0.3649860620498657;236.96386814117432;-464.9528503417969;162.5782012939453
-10.042578354477882;0.13295263051986694;-2.2014163434505463;147.64479160308838;-382.68550872802734;285.71797370910645
-9.353383630514145;0.9762302041053772;1.1888131499290466;217.26282119750977;-346.19072914123535;246.60821914672852
-9.674183651804924;-1.801447570323944;-7.152557373046875e-05;10.865776240825653;-360.44177055358887;376.45445823669434
-9.085315838456154;-1.4593765139579773;-1.439206302165985;139.95380401611328;-353.6487007141113;433.53492736816406
-7.431257888674736;1.7932400107383728;-1.4697521924972534;60.15099048614502;-439.9420166015625;243.9803409576416
-9.405137971043587;-1.6287803649902344;0.9330399334430695;-50.99952936172485;-412.34670639038086;271.2329578399658
-7.675108127295971;2.6257529854774475;0.49544423818588257;162.6340627670288;-371.4597415924072;257.33954429626465
-8.514617197215557;0.8777886629104614;0.22597387433052063;24.18972373008728;-451.5644645690918;293.3163070678711
-8.702656254172325;-2.5930210947990417;1.1972777545452118;-20.05229115486145;-506.85768127441406;236.21586799621582
-7.80424140393734;-2.0965978503227234;-0.9500563144683838;50.59837460517883;-512.7557945251465;201.70005798339844
-7.717627286911011;2.4605154991149902;-0.756525993347168;-35.01364231109619;-537.1612358093262;259.1011619567871
-7.645299285650253;2.0177409052848816;-2.0949460566043854;-36.2423837184906;-340.61588287353516;350.9875202178955
-8.103550784289837;1.5570089221000671;-2.2530019283294678;162.20696926116943;-476.9024848937988;153.03491592407227
-10.9926737844944;-0.8348912000656128;-0.05607828497886658;112.527015209198;-312.7096652984619;421.6933536529541
-8.874610997736454;1.0280236601829529;-2.06851065158844;38.22882056236267;-338.60135078430176;402.79412269592285
-6.628447584807873;0.763915479183197;-0.9616456925868988;174.53478813171387;-482.1710014343262;200.07150650024414
-7.253524661064148;-0.18030256032943726;-0.8257582783699036;154.68140602111816;-469.9647331237793;187.3223876953125
-9.914996847510338;1.1748343706130981;-0.9884342551231384;-13.921994268894196;-507.9004096984863;220.74225425720215
-9.097728319466114;2.282765507698059;-0.6036199629306793;45.74370503425598;-479.1507911682129;194.96203422546387
-6.394723244011402;1.3656914234161377;0.17298012971878052;158.46724033355713;-520.766544342041;58.98292064666748
-6.266527064144611;0.9056836366653442;-1.6496524214744568;96.00987195968628;-455.94371795654297;278.73064041137695
-9.312690608203411;-1.638418436050415;2.172233909368515;70.35454988479614;-562.4765396118164;47.6466965675354
-7.59064145386219;2.3095205426216125;-1.1677712202072144;109.5266318321228;-523.9946937561035;99.58105087280273
-7.680927962064743;2.0397260785102844;-0.2476997673511505;-21.79882049560547;-487.0644950866699;227.13818550109863
-7.777339406311512;-1.3109609484672546;-1.339682936668396;-66.00708961486816;-313.86680603027344;384.4083595275879
-8.083146996796131;1.5109553933143616;1.9153565168380737;156.17404460906982;-374.5234966278076;326.6503143310547
-6.824938394129276;1.3428479433059692;-1.892157644033432;173.65147590637207;-501.1676788330078;143.7348747253418
-10.472846031188965;-1.6308635473251343;0.5502507090568542;31.527990102767944;-358.12780380249023;305.238618850708
-6.855876557528973;1.4846429228782654;-1.6535460948944092;179.99738216400146;-419.6663761138916;210.95532417297363
-8.731413446366787;1.232197880744934;0.6241053342819214;72.27431774139404;-352.01602935791016;414.8268127441406
-9.288756921887398;-0.1250937581062317;-1.1710189282894135;78.29546213150024;-334.27894592285156;405.7737064361572
-9.080221876502037;2.5736913084983826;0.7214024662971497;193.14778804779053;-475.3615665435791;9.765100479125977
-6.332596577703953;0.6721749901771545;0.4106864333152771;118.69260549545288;-442.5684356689453;407.15535163879395
-6.400257535278797;1.457628607749939;0.9509950876235962;181.36629581451416;-339.058141708374;357.76631355285645
-8.009875193238258;-0.713387131690979;0.3163933753967285;102.57511138916016;-354.860143661499;326.48780822753906
-7.996508851647377;2.036409080028534;0.6603196263313293;107.0364260673523;-548.9204406738281;201.80431365966797
-8.504839986562729;0.880153477191925;0.1619987189769745;25.508930683135986;-406.2499237060547;409.4919204711914
-6.2550147995352745;1.7135292291641235;0.4438765347003937;119.43310976028442;-485.38719177246094;183.5039520263672
-6.576943024992943;-1.3367637991905212;-0.5882084369659424;103.20680379867554;-465.91941833496094;211.5816307067871
-10.436144471168518;0.7175177335739136;1.495673507452011;237.2063112258911;-468.4815216064453;159.77245330810547
-10.314792394638062;1.9188567996025085;-0.612940639257431;61.64360761642456;-397.0935344696045;345.1109218597412
-6.7635610699653625;-0.21502822637557983;-0.2701610326766968;35.37768602371216;-408.60074043273926;375.2082824707031
-8.837997168302536;-2.118368446826935;-0.459415465593338;152.8396511077881;-376.0165500640869;341.5009117126465
-6.8358298391103745;0.18980205059051514;0.5843393504619598;81.36646270751953;-439.28632736206055;261.5214729309082
-9.997161850333214;-0.469323992729187;-1.3566568493843079;65.59457302093506;-484.07581329345703;273.53819847106934
-9.390276297926903;1.0282784700393677;0.15603527426719666;41.67175054550171;-427.164945602417;323.37432861328125
-9.028825163841248;2.5449559092521667;0.8164040744304657;242.3664379119873;-484.4392776489258;17.725088596343994
-9.526549279689789;-0.5910471081733704;-0.9585365653038025;83.13846588134766;-425.0705337524414;245.62843322753906
-7.280761934816837;2.3454129695892334;1.2017570436000824;132.05174446105957;-384.2659664154053;297.12389945983887
-7.975197583436966;1.5155285596847534;2.282477170228958;122.38949775695801;-521.9162750244141;-71.6919493675232
-8.799468353390694;0.6976604461669922;-1.362340897321701;21.223493814468384;-355.327205657959;404.8966312408447
-6.971669755876064;0.09235739707946777;0.08909851312637329;72.74059295654297;-406.9583988189697;440.8418083190918
-9.31946150958538;0.8606359362602234;-0.400746613740921;50.526849031448364;-412.65063285827637;211.9525909423828
-8.431650325655937;2.2773027420043945;-1.299528032541275;179.1882562637329;-448.31339836120605;198.3387565612793
-8.77610631287098;0.8356243371963501;-0.9881213307380676;110.34658670425415;-500.5103302001953;210.67889213562012
-7.441352494060993;-0.3125220537185669;-2.41195410490036;35.95667123794556;-266.881799697876;432.4533176422119
-7.097906246781349;-2.0458191633224487;-1.4923028647899628;-68.52895975112915;-331.66497230529785;423.0622673034668
-6.9686533883214;1.1632025241851807;-2.369215339422226;62.78099298477173;-482.2608947753906;188.8435935974121
-5.734994262456894;0.9133055806159973;-0.47029629349708557;-71.72710418701172;-536.5725517272949;242.10960388183594
-9.572901204228401;-1.9536316394805908;-0.6336003541946411;86.580491065979;-407.70209312438965;369.8663806915283
-7.1192895993590355;0.08913874626159668;-2.515154331922531;144.14873600006104;-447.1494770050049;246.3511848449707
-9.83085036277771;-1.0644033551216125;0.419403612613678;135.77529430389404;-491.34761810302734;237.93660163879395
-8.71089231222868;-0.9540215134620667;-1.809702068567276;106.9075083732605;-527.7044677734375;10.250380039215088
-8.69042482227087;0.8486911654472351;-0.0385969877243042;150.75831413269043;-515.284309387207;71.95944786071777
-9.010342508554459;-0.14628320932388306;-1.6006283462047577;253.91215324401855;-366.20155334472656;230.14720916748047
-9.114977717399597;-0.016871094703674316;0.7720984518527985;-23.062976002693176;-536.0063552856445;231.90216064453125
-6.745006330311298;0.983409583568573;-1.1966049671173096;219.3298101425171;-426.4024257659912;277.29437828063965
-6.8710919469594955;-2.206166088581085;-1.4459989964962006;98.8452672958374;-319.35585021972656;392.0983600616455
-8.020845986902714;-0.034461915493011475;-1.0617457330226898;-2.8050068020820618;-474.962854385376;220.51033973693848
-7.623543217778206;-1.698070764541626;0.5138017237186432;92.72039651870728;-363.72931480407715;426.5320587158203
-7.715820148587227;-0.16576498746871948;-0.08209347724914551;98.30308198928833;-416.35783195495605;344.8393249511719
-6.868980266153812;0.34176260232925415;0.6378784775733948;218.7093687057495;-396.38691902160645;216.45764350891113
-7.196836732327938;-1.370970904827118;0.9025722742080688;1.778722107410431;-443.8941764831543;320.31457901000977
-9.882427006959915;0.0027179718017578125;-1.8326885998249054;174.52135562896729;-428.41944694519043;336.639347076416
-6.852249428629875;-1.6779720783233643;1.2130625545978546;102.62775421142578;-571.6437149047852;16.900663375854492
-6.81413970887661;-2.507583796977997;-0.09531229734420776;50.69008469581604;-336.1727714538574;398.9808654785156
-8.86506512761116;-1.5014246106147766;1.4898218214511871;108.3855414390564;-366.5869617462158;316.24500274658203
-9.175225719809532;-0.0006213784217834473;-0.5845271050930023;55.70771813392639;-421.96998596191406;355.5739974975586
-7.150469161570072;-0.625164806842804;-1.0061435401439667;-41.29610538482666;-560.6612205505371;205.52793502807617
-8.237811550498009;0.4239276051521301;-1.6815438866615295;77.72157669067383;-532.5;108.1698989868164
-6.492208130657673;0.16331523656845093;-0.17438828945159912;229.72513675689697;-406.53390884399414;315.0277519226074
-7.148631289601326;1.6836494207382202;2.0605601370334625;154.29446697235107;-430.067081451416;302.31247901916504
-9.169932827353477;1.5830084681510925;0.08245781064033508;-21.825835704803467;-393.41259956359863;366.55981063842773
-9.301304072141647;0.4461944103240967;0.05678907036781311;51.0570752620697;-478.9097499847412;348.88312339782715
-6.904207170009613;-0.16493797302246094;-1.0406233370304108;15.243405103683472;-383.7820529937744;359.69435691833496
-5.566992983222008;0.27733147144317627;0.4196271300315857;62.3371696472168;-529.5577239990234;281.74633026123047
-7.37526286393404;-0.24929344654083252;-0.47348588705062866;175.98867416381836;-454.705867767334;299.78928565979004
-6.725107133388519;-0.6559610366821289;-1.0746270418167114;168.05023670196533;-256.3735771179199;429.4324493408203
-8.96202139556408;1.5969917178153992;2.036183327436447;92.62776374816895;-495.0061225891113;155.10236263275146
-6.556262634694576;-1.210176944732666;0.8328571915626526;35.328876972198486;-439.7795104980469;382.5339603424072
-9.849502891302109;0.12592077255249023;-2.3200616240501404;34.49012875556946;-482.63357162475586;124.23495769500732
-7.3175473138689995;1.211942732334137;-1.4961138367652893;146.01030349731445;-395.9823989868164;326.95544242858887
-7.692033424973488;1.2819170951843262;-1.8615961074829102;40.93040227890015;-512.702808380127;140.08767127990723
-9.546452388167381;0.2801656723022461;-2.6017896831035614;51.49584889411926;-312.6724433898926;358.7222385406494
-8.786209300160408;0.7771030068397522;-0.19757822155952454;60.97548723220825;-265.9171485900879;392.140474319458
-7.092486508190632;-0.7430881261825562;0.2753444015979767;200.8553409576416;-365.9743595123291;298.3814334869385
-6.175705790519714;1.4042526483535767;1.3077892363071442;13.721373975276947;-420.50305366516113;261.7880058288574
-9.206514246761799;-1.8699511885643005;-1.6385525465011597;261.71353340148926;-449.4436740875244;102.1076488494873
-6.480174511671066;0.8789867162704468;1.46159827709198;153.55778217315674;-430.89820861816406;208.5512638092041
-7.935398630797863;-1.0166332125663757;1.6240820288658142;10.741547048091888;-363.7276268005371;347.6543140411377
-8.313998579978943;2.7649059891700745;0.4023045301437378;110.01543760299683;-419.4454765319824;232.05937385559082
-6.583436764776707;0.6087452173233032;2.1928176283836365;-41.32449746131897;-503.0343246459961;182.75751113891602
-9.730257466435432;0.12941211462020874;0.4721805453300476;135.93084812164307;-436.78175926208496;234.677095413208
-9.068785607814789;-1.135772466659546;-0.39852485060691833;227.84472942352295;-358.3499050140381;258.09067726135254
-10.092253983020782;-1.2537449598312378;-1.8318012356758118;1.038525402545929;-470.56368827819824;365.4590034484863
-9.02598537504673;-2.730444073677063;-0.7668033242225647;81.162850856781;-509.03085708618164;97.28063821792603
-7.252362929284573;2.193872630596161;1.5177682042121887;61.284284591674805;-534.0456390380859;105.33555507659912
-8.904123678803444;0.405062735080719;2.8655871748924255;15.355546474456787;-489.36561584472656;149.71901893615723
-9.23551730811596;1.3581186532974243;-0.4575781524181366;270.1497745513916;-446.17953300476074;147.70302772521973
-8.895419910550117;-2.4040013551712036;0.12900084257125854;84.27637338638306;-426.62816047668457;241.57550811767578
-6.895668245851994;-2.60293185710907;0.207587331533432;203.84170532226562;-436.80908203125;202.89545059204102
-9.959092363715172;0.6541863083839417;-0.21997913718223572;225.3960943222046;-365.1379108428955;205.86459159851074
-8.606381714344025;1.28602534532547;1.2788929045200348;73.711416721344;-330.54980278015137;364.3018627166748
-9.980212524533272;2.344478666782379;-0.8186504244804382;35.692012310028076;-421.8408393859863;292.4066734313965
-10.753203928470612;-0.9961634874343872;0.15730932354927063;222.5511074066162;-401.4906120300293;243.9920997619629
-6.774232909083366;-0.1720815896987915;0.46048611402511597;171.16458892822266;-394.2457866668701;300.69047927856445
-8.750264905393124;-2.8806254267692566;-0.6873339414596558;150.1939344406128;-298.6659336090088;392.20516204833984
-8.39338805526495;0.8243277668952942;-1.8009491264820099;-70.74269771575928;-447.6035213470459;392.20550537109375
-7.958017475903034;-0.20113438367843628;0.17808079719543457;254.17299270629883;-445.4688262939453;176.2919282913208
-10.17679050564766;0.7982164621353149;1.7176710069179535;44.22282814979553;-513.0203819274902;55.47165513038635
-8.7528420612216;-2.2165238857269287;0.4684746265411377;8.401852548122406;-472.71803855895996;316.863956451416
-10.518229007720947;-1.5125289559364319;-1.2591764330863953;-4.353959709405899;-450.8616542816162;324.0589141845703
-8.469414710998535;2.4948611855506897;-0.36314427852630615;-59.24368500709534;-527.5294876098633;130.1954698562622
-8.146409131586552;-0.5198612809181213;0.283755362033844;141.4931344985962;-477.74365425109863;65.82485675811768
-6.844479404389858;1.3827726244926453;-0.5119286477565765;-69.88726615905762;-514.8364448547363;230.89774131774902
-10.15353575348854;-0.9353578090667725;2.1361224353313446;67.31123685836792;-478.71654510498047;19.41528081893921
-7.371815666556358;1.879902184009552;-1.3322465121746063;56.12167239189148;-486.9608688354492;149.62157249450684
-5.564714223146439;-0.45850127935409546;0.9117722511291504;135.18323421478271;-416.500768661499;383.0017948150635
-8.690540492534637;0.916135311126709;2.5548934936523438;37.837257385253906;-541.6740989685059;150.7639503479004
-10.425427928566933;-0.9896814823150635;-0.7490493357181549;74.00103807449341;-356.3968849182129;394.96710777282715
-8.424632996320724;0.12445449829101562;0.4759266972541809;72.24295377731323;-485.08947372436523;272.86797523498535
-7.75431152433157;0.8576542139053345;-2.375122904777527;182.76371955871582;-389.4660186767578;341.93567276000977
-6.521615199744701;-1.0108307003974915;-0.8431077003479004;148.4004306793213;-516.958065032959;174.74799156188965
-7.302842661738396;-0.39036422967910767;1.2188047170639038;46.221442222595215;-518.7475204467773;159.91384506225586
-7.812806591391563;0.12642145156860352;0.6775550544261932;-0.8085358142852783;-558.0412673950195;217.95061111450195
-9.99908521771431;-2.0569637417793274;1.0280795395374298;-54.85769033432007;-526.3547515869141;193.22999954223633
-6.723395548760891;-1.534290611743927;-1.112397015094757;-97.99960613250732;-400.58664321899414;328.6197280883789
-7.596763037145138;1.8261507153511047;0.36671608686447144;259.1989231109619;-403.16871643066406;282.08664894104004
-6.335233524441719;0.5700588226318359;-1.7349757254123688;151.95688247680664;-474.04409408569336;277.0289611816406
-9.23035740852356;0.04907101392745972;0.7836788892745972;125.37300109863281;-489.7401237487793;160.4629898071289
-8.057864382863045;1.1350616812705994;1.0080724954605103;-50.04948019981384;-487.6453971862793;335.39154052734375
-10.336549580097198;-1.164194941520691;-1.376824826002121;193.4256649017334;-403.8426876068115;162.9490041732788
-7.77461864054203;-2.0702049136161804;1.732926070690155;277.74481773376465;-436.11084938049316;-82.11448431015015
-6.902139633893967;1.9947275519371033;1.6292944550514221;7.863538563251495;-504.64725494384766;32.58564233779907
-10.309824720025063;-1.559467613697052;0.9475328028202057;11.064996421337128;-325.62944412231445;344.57834243774414
-8.508247509598732;0.1706644892692566;0.1881323754787445;112.79369115829468;-384.05396461486816;440.5371379852295
-10.382343828678131;-0.6387323141098022;-0.7035300135612488;79.45808172225952;-331.6002559661865;378.6133289337158
-8.617343008518219;-1.6602113842964172;2.051299810409546;75.77922821044922;-231.09572410583496;430.47489166259766
-7.044808566570282;-1.603706181049347;1.185522973537445;-104.18341398239136;-513.3549499511719;238.32721710205078
-5.796378292143345;-0.3083646297454834;0.9059697389602661;77.72374391555786;-422.1305179595947;374.83431816101074
-7.782106474041939;2.8819620609283447;-0.4293970763683319;132.1616506576538;-356.7001533508301;405.41393280029297
-6.445181742310524;1.158289611339569;1.1121757328510284;80.78219175338745;-412.067813873291;358.1505489349365
-7.554097473621368;1.093299686908722;0.6802842020988464;-46.16668224334717;-499.7296714782715;153.93227577209473
-6.1475275084376335;-1.386760175228119;0.377858430147171;125.09729862213135;-516.3375663757324;40.64718246459961
-9.480775147676468;2.5933071970939636;0.017280131578445435;17.024656534194946;-402.08373069763184;292.82286643981934
-6.237430684268475;-0.43796002864837646;-0.029727816581726074;258.3724594116211;-466.75583839416504;104.50126647949219
-5.988509953022003;0.4838794469833374;0.2704404294490814;157.4457836151123;-303.6749839782715;421.2159061431885
-9.12837702780962;-0.08082836866378784;-2.045537531375885;14.440261423587799;-376.6255760192871;288.87024879455566
-7.068282924592495;-1.3786554336547852;-1.974845677614212;-5.185871869325638;-417.8474235534668;333.0933380126953
-8.396772667765617;1.8422886729240417;-1.5145964920520782;91.91368103027344;-454.6208381652832;297.3014259338379
-8.055815286934376;-0.5082473158836365;-1.1407658457756042;-69.37285423278809;-363.2610511779785;364.08745765686035
-7.61310551315546;-1.2970134615898132;2.5576159358024597;63.835086822509766;-480.5939483642578;306.9975757598877
-9.4010129570961;1.027214527130127;-2.1421507000923157;91.62526845932007;-386.29626274108887;316.42327308654785
-8.632622100412846;-0.9943887591362;2.7015812695026398;104.3575930595398;-483.3164405822754;37.191689014434814
-7.070110738277435;0.2728566527366638;0.1912727952003479;36.67848229408264;-472.80229568481445;314.5188903808594
-8.702011406421661;-1.3200178742408752;-1.4597050845623016;110.96863031387329;-334.8668575286865;303.1341075897217
-7.292357459664345;1.700332760810852;-1.236625760793686;38.08071970939636;-550.2165985107422;150.47673225402832
-5.882896296679974;0.9376063942909241;-0.21991878747940063;164.1683006286621;-520.1492500305176;224.31418418884277
-7.440142147243023;-1.931731402873993;1.1143147945404053;107.00927495956421;-452.6612949371338;331.3678550720215
-6.847125291824341;0.9459570050239563;-1.0701656341552734;-21.60057306289673;-419.4704246520996;439.3428611755371
-8.108033426105976;-1.5896067023277283;-1.167527586221695;92.76114463806152;-350.27063369750977;427.76973724365234
-8.780944347381592;-2.0789802074432373;-0.9959332644939423;-79.11234855651855;-529.2410659790039;163.52139472961426
-10.99679097533226;0.35707801580429077;0.24564117193222046;73.27467441558838;-510.9416198730469;30.598543882369995
-7.164226099848747;-1.5544787049293518;-1.6528129577636719;103.74184370040894;-315.4259204864502;390.35648345947266
-8.175798319280148;1.5787258744239807;2.1504655480384827;92.79816627502441;-525.5945205688477;16.410720348358154
-9.411150589585304;1.164020597934723;-1.6003847122192383;62.28910446166992;-490.8464241027832;92.11614847183228
-6.930951587855816;-0.48456788063049316;-0.059685856103897095;-116.03555917739868;-491.17223739624023;254.94501113891602
-7.284023612737656;2.0228415727615356;1.1420398950576782;-66.28356456756592;-407.0578193664551;355.8917713165283
-8.047926239669323;-0.9727299213409424;1.5471138060092926;-52.331106662750244;-558.6953544616699;19.07454013824463
-7.656284607946873;-2.8377950191497803;-0.15303343534469604;-48.011977672576904;-544.0152740478516;154.19214248657227
-8.030114695429802;1.5131816267967224;1.75827294588089;141.78229808807373;-484.518985748291;173.28888416290283
-8.832605928182602;-1.7643123865127563;0.5400829017162323;94.56176519393921;-288.77766609191895;379.14573669433594
-5.887628719210625;1.431933045387268;-0.47923922538757324;-20.226130485534668;-433.1492614746094;347.6151752471924
-7.765751704573631;-1.183001697063446;2.2980451583862305;92.8531265258789;-512.3089027404785;219.10400390625
-10.100916400551796;0.9859666228294373;-1.162051409482956;99.46913480758667;-377.80200004577637;302.5804138183594
-9.810635447502136;0.30763596296310425;0.4520036280155182;211.6292953491211;-335.65667152404785;256.45737648010254
-7.9794153571128845;0.2514570951461792;2.187911421060562;105.2727484703064;-491.23340606689453;83.85238409042358
-9.556223452091217;-2.2307485342025757;-0.45572295784950256;78.35724592208862;-528.087329864502;171.586275100708
-7.61686060577631;-1.3592898845672607;0.13327673077583313;189.34338569641113;-486.81684494018555;-122.21474647521973
-7.150145061314106;-0.2534016966819763;-2.6433683931827545;59.71129775047302;-520.8050537109375;98.4203553199768
-8.60934890806675;1.6967028379440308;0.30234307050704956;146.596941947937;-535.850944519043;28.45013737678528
-9.516007080674171;-1.5229851007461548;1.3257376849651337;33.58068823814392;-543.3348655700684;201.21305465698242
-7.579295709729195;1.5829771757125854;1.0891512036323547;115.81119775772095;-438.6925220489502;373.6640739440918
-9.446386992931366;-2.1885529160499573;0.9589008986949921;121.36160373687744;-467.2925090789795;309.9286079406738
-6.503227539360523;-1.1920541524887085;0.5791179835796356;16.893539428710938;-412.26001739501953;300.4680633544922
-7.647880911827087;0.7987707853317261;-1.802055537700653;-1.2434926629066467;-314.4657611846924;366.28907203674316
-5.683191306889057;-0.7711127400398254;0.6384819746017456;-0.9983432292938232;-534.8594284057617;188.62286567687988
-7.011851482093334;0.27009397745132446;1.003052294254303;79.51553106307983;-456.47449493408203;277.99452781677246
-9.429652243852615;-1.4586478471755981;0.32064467668533325;202.98229694366455;-499.7146797180176;123.10945987701416
-9.117667749524117;1.8282830715179443;1.1652499437332153;119.35667753219604;-502.9815673828125;213.70688438415527
-7.191670127213001;-0.4837051033973694;0.26741400361061096;-73.24240207672119;-426.1637020111084;346.4358615875244
-6.843740679323673;-0.39128512144088745;-1.1526592075824738;252.74662971496582;-495.52602767944336;164.79543685913086
-10.376527905464172;1.6638949513435364;-0.17307177186012268;44.970946311950684;-402.59525299072266;357.54180908203125
-9.482507407665253;-2.609391510486603;-0.6375566124916077;127.05731391906738;-250.6743335723877;398.92004013061523
-9.480063244700432;0.6780177354812622;0.29601752758026123;-72.77237176895142;-393.0431270599365;352.6535224914551
-7.965969666838646;2.44579017162323;-1.3339117169380188;73.93961191177368;-548.4353828430176;145.6190299987793
-9.442715719342232;-0.3545790910720825;-0.2586565911769867;41.022634506225586;-408.5510730743408;313.45224380493164
-7.170362770557404;0.6892696022987366;-2.3941397666931152;-19.106056094169617;-384.73843574523926;336.9602680206299
-6.869093701243401;-0.8646592497825623;-1.4632433652877808;106.2174940109253;-505.7428550720215;268.7853240966797
-8.192853257060051;2.3717164993286133;-0.618964433670044;100.78633546829224;-508.3622932434082;165.64550399780273
-9.393927454948425;-0.3530770540237427;2.33343243598938;-95.7210373878479;-545.1060104370117;47.91093707084656
-5.757572315633297;0.9802043437957764;-0.43256431818008423;-1.4324435591697693;-494.2276382446289;240.8924388885498
-8.703038468956947;1.4500513672828674;-2.4906568229198456;88.61183166503906;-559.0387344360352;98.62001895904541
-9.528891742229462;-1.4394566416740417;2.0267799496650696;-35.269120931625366;-353.6246395111084;368.2539367675781
-9.658180922269821;0.03183335065841675;-0.30062422156333923;2.4736350774765015;-476.66576385498047;202.96648979187012
-7.852811738848686;-0.7078215479850769;2.6559434831142426;148.5069465637207;-370.7787322998047;281.7637252807617
-10.986245423555374;0.2549797296524048;-0.22325143218040466;30.38675308227539;-449.54315185546875;327.6770782470703
-6.378641724586487;1.0308131575584412;0.44280365109443665;222.85941123962402;-441.1017036437988;273.08738708496094
-8.192292228341103;-0.03190934658050537;-1.6040347516536713;-38.36205840110779;-524.9514198303223;192.1548843383789
-7.5935762375593185;0.20085275173187256;-2.544146776199341;129.30264472961426;-491.61821365356445;151.92273616790771
-8.517040684819221;0.135880708694458;-2.382081001996994;-24.610004425048828;-380.09127616882324;281.7099666595459
-9.059776738286018;-0.16373991966247559;-0.9414128959178925;9.57428902387619;-243.87004852294922;398.5092830657959
-10.184377804398537;1.0185465216636658;0.3344781696796417;175.698823928833;-377.8684616088867;284.95405197143555
-9.065052308142185;-2.4922236800193787;-0.2543047070503235;53.56017708778381;-377.8849983215332;329.76613998413086
-6.530540250241756;1.016378402709961;-2.032642811536789;4.579565227031708;-470.31094551086426;320.8322811126709
-9.609789401292801;2.5058045983314514;-0.9404517710208893;69.69332456588745;-448.9822769165039;206.58966064453125
-7.722123898565769;-0.05168616771697998;2.606072276830673;183.68987560272217;-299.8194408416748;322.8146266937256
-7.522787153720856;-2.474445104598999;-1.4192596077919006;-60.26787757873535;-516.0070610046387;264.16462898254395
-6.583843566477299;1.928776502609253;-0.17623454332351685;71.30580425262451;-497.83206939697266;309.91722106933594
-8.107849024236202;-1.2162521481513977;0.08651688694953918;-4.378513991832733;-517.0175743103027;88.68863582611084
-8.509841188788414;0.5953967571258545;1.7293140292167664;-9.031032621860504;-479.96472358703613;205.54993629455566
-8.224944211542606;-0.819745659828186;-0.47018229961395264;3.3310112357139587;-457.20279693603516;313.5068893432617
-6.78628496825695;-1.199425756931305;1.2348778545856476;-17.986391186714172;-566.6187286376953;194.5704460144043
-9.902312234044075;1.5022605657577515;-1.8804945051670074;7.233777344226837;-505.10547637939453;57.83372640609741
-5.760698765516281;-0.9074494242668152;-0.3714121878147125;35.042864084243774;-553.4770774841309;43.64261984825134
-5.6986212730407715;0.482998788356781;0.9415291249752045;42.93960213661194;-542.2258186340332;158.8959503173828
-7.208293117582798;-0.640811026096344;1.235555112361908;212.27735996246338;-477.6339912414551;77.11282253265381
-10.126544907689095;0.050742924213409424;-1.9635602831840515;34.232847690582275;-466.8646717071533;255.39819717407227
-9.168421849608421;2.215978503227234;-0.6072476506233215;44.247965812683105;-498.8924217224121;275.90721130371094
-5.855267308652401;0.03706812858581543;-0.4685148596763611;-50.52761435508728;-510.0469207763672;231.11309051513672
-8.342268504202366;-2.0312145352363586;-1.7058022320270538;131.44999980926514;-361.0177516937256;333.35068702697754
-9.233465977013111;-1.0996297001838684;-0.9118437767028809;152.78419017791748;-281.1651420593262;328.8372802734375
-9.549421817064285;0.05822181701660156;1.6643084585666656;-16.04009985923767;-479.4888496398926;251.79170608520508
-9.275267645716667;-1.6465365886688232;2.28380486369133;-48.421669006347656;-513.0226135253906;216.22241020202637
-7.557843066751957;-0.914628803730011;-2.193497121334076;157.0420217514038;-301.2347602844238;380.0570011138916
-5.912469327449799;0.2602502703666687;-0.9926274418830872;54.71160292625427;-437.3283004760742;339.3299388885498
-9.080747701227665;1.4781475067138672;-1.3379931449890137;249.3438720703125;-399.0456962585449;239.66428756713867
-7.585778832435608;-0.6540298461914062;0.37423744797706604;123.72406482696533;-470.39952278137207;249.81385231018066
-6.918385997414589;1.5829682350158691;-0.12771785259246826;184.5991086959839;-506.6003608703613;169.61105346679688
-7.518704608082771;2.4025797843933105;-0.04531145095825195;-20.62532901763916;-476.5502643585205;346.80115699768066
-8.378345891833305;-1.288837194442749;-0.4117704927921295;127.5066089630127;-488.5707664489746;173.58487129211426
-9.707432985305786;-0.02924501895904541;-1.4452435076236725;22.390151023864746;-242.0298671722412;381.99482917785645
-6.775182858109474;1.5328824520111084;-0.6914623081684113;170.3488254547119;-414.7848701477051;339.4614315032959
-8.433154039084911;-1.0831072926521301;2.748674154281616;217.0231533050537;-482.62773513793945;-42.394301891326904
-9.004051052033901;-0.7874518632888794;1.0208576917648315;62.056660652160645;-499.4685173034668;245.54208755493164
-7.387907803058624;-1.6435638070106506;-2.2262468934059143;-29.257206916809082;-432.0061683654785;335.1041507720947
-7.485554739832878;-2.781406044960022;-0.36185234785079956;148.69800567626953;-312.9928207397461;364.6936798095703
-8.560141548514366;-0.19488036632537842;0.19167736172676086;243.59827995300293;-392.45593070983887;314.6671199798584
-9.290671348571777;-1.4171719551086426;-0.23856908082962036;5.228849351406097;-495.000057220459;62.443692684173584
-5.733334645628929;0.9473875164985657;-0.7101662456989288;186.55072689056396;-516.221809387207;105.16568183898926
-8.552864380180836;-2.1346718072891235;-0.3051392734050751;94.38850164413452;-496.2347602844238;111.78699731826782
-11.022885516285896;0.17798244953155518;0.06077885627746582;109.8327898979187;-363.2531261444092;271.6912651062012
-8.293997123837471;-2.579618990421295;-1.3370074331760406;109.85285997390747;-292.2461414337158;484.2966842651367
-10.052964091300964;0.24718791246414185;1.5385530889034271;149.05574798583984;-364.2708206176758;259.44580078125
-8.05280338972807;0.15888512134552002;-2.4927332997322083;25.927183628082275;-447.7306079864502;295.0428771972656
-8.31275749951601;-0.6556525826454163;0.9744822978973389;161.28002643585205;-384.46266174316406;347.7158260345459
-7.5512755662202835;-0.34434646368026733;1.2825965881347656;15.218489170074463;-412.89276123046875;343.54339599609375
-8.044848963618279;0.7875099778175354;2.8143703937530518;97.06315755844116;-544.504508972168;195.83908081054688
-7.40992147475481;0.4810810089111328;0.7533833384513855;137.05721855163574;-410.47290802001953;295.36580085754395
-10.86418591439724;0.691281259059906;-1.2075550854206085;157.77786254882812;-400.1941108703613;375.8708667755127
-8.461149595677853;1.539534330368042;-2.1278344094753265;13.429680168628693;-354.13352966308594;401.2881374359131
-6.118719466030598;0.4021838307380676;0.6442643702030182;108.24753284454346;-476.37170791625977;269.2978763580322
-7.09092803299427;2.357509732246399;-1.279740035533905;111.85999631881714;-549.2740631103516;111.42896175384521
-5.778355523943901;-0.7354483008384705;-0.27624741196632385;114.1370415687561;-431.97864532470703;319.55031394958496
-6.950864754617214;2.335546910762787;0.4294171929359436;123.04914951324463;-463.5055732727051;367.4975395202637
-7.824931293725967;-1.4898955821990967;-1.5230566263198853;-87.73772478103638;-480.4931831359863;293.62927436828613
-8.789378218352795;-1.6518697142601013;-1.9832722842693329;186.28925800323486;-470.3656482696533;208.1682586669922
-6.687604822218418;0.2419397234916687;1.3934679329395294;147.28078365325928;-400.58478355407715;395.0660705566406
-6.87585286796093;-1.921127736568451;-1.6001053154468536;216.3064670562744;-384.18402671813965;296.51936531066895
-7.450080290436745;0.6772667169570923;-2.13048979640007;142.2747802734375;-422.70140647888184;360.5129814147949
-9.3305803835392;1.8929556012153625;2.070339024066925;87.67634868621826;-532.0439529418945;156.87339305877686
-10.105272755026817;0.5859732627868652;-0.6630398333072662;79.49626207351685;-505.5729103088379;217.02950477600098
-7.715522311627865;-0.7123857736587524;1.9500844180583954;159.33398723602295;-478.2865047454834;-137.30950355529785
-10.47079861164093;-0.8017659187316895;-1.802891492843628;139.18680667877197;-402.1241569519043;369.362211227417
-8.256018720567226;-1.972179114818573;-1.4718487858772278;-6.609527170658112;-547.1591949462891;80.9404993057251
-8.320270478725433;0.5749091506004333;-0.0463731586933136;236.1388349533081;-479.0065383911133;15.712659358978271
-7.882500998675823;-1.0618999600410461;-2.7643203735351562;132.68544673919678;-326.6096591949463;407.70172119140625
-10.126951709389687;-1.9245609641075134;0.4288807511329651;205.62169075012207;-311.37133598327637;358.39070320129395
-6.993284448981285;-0.8889153599739075;1.1059574782848358;-16.975470185279846;-575.4616928100586;48.445812463760376
-9.583509340882301;-1.8722176551818848;-0.910022109746933;-110.6992506980896;-383.42662811279297;348.5837459564209
-7.110016420483589;-0.9764939546585083;-2.109687030315399;50.858741998672485;-452.191801071167;261.8480587005615
-9.251083061099052;-2.257990837097168;-1.223999261856079;232.3266363143921;-402.98380851745605;163.3700180053711
-9.520713239908218;-1.0785698890686035;-1.1080294847488403;97.70998477935791;-425.60611724853516;207.84914016723633
-9.671967476606369;1.2818500399589539;-0.9529039263725281;265.54123878479004;-350.4425239562988;267.76637077331543
-9.630220010876656;-0.9944334626197815;-0.26323646306991577;115.48670053482056;-288.978967666626;327.11663246154785
-10.441608354449272;1.3806939125061035;0.6827250123023987;49.14907693862915;-476.8274688720703;245.46072006225586
-6.481446325778961;2.1497949957847595;0.265619158744812;131.24058723449707;-432.28617668151855;310.6377410888672
-6.406494788825512;0.2985253930091858;-0.7649637758731842;79.76248741149902;-444.6933174133301;331.96789741516113
-10.984248295426369;0.8648648858070374;-0.049480050802230835;264.2262268066406;-453.4393787384033;80.44315338134766
-7.2681354358792305;-0.8207246661186218;-0.5391374230384827;-92.01316595077515;-530.6327247619629;135.6602382659912
-6.092048808932304;0.4447728395462036;1.9684843719005585;58.9513099193573;-504.3688774108887;185.79937934875488
-6.9575110450387;0.5022257566452026;-0.06704628467559814;95.06683588027954;-510.94093322753906;150.78321933746338
-6.017262116074562;1.1774495244026184;0.6488174200057983;172.4507761001587;-403.32335472106934;265.2410316467285
-10.40947437286377;1.5379160642623901;-0.3879278898239136;167.64098167419434;-397.8944206237793;175.67896842956543
-6.123630702495575;-0.8722499012947083;-1.4980383217334747;97.35907316207886;-435.6134605407715;270.8573913574219
-7.413266412913799;-2.3020416498184204;0.22014901041984558;-90.05378007888794;-357.6240062713623;416.27025604248047
-6.992270238697529;-1.945120096206665;-1.2259237468242645;-65.3803825378418;-459.5845699310303;221.53098106384277
-7.035012356936932;-0.9687736630439758;1.4093711972236633;62.59298801422119;-405.10313987731934;409.9526023864746
-9.844102710485458;0.8015245199203491;0.7453367114067078;26.3881516456604;-364.59692001342773;344.3198490142822
-10.474735870957375;-1.3392940163612366;-0.567857176065445;-77.13467359542847;-508.6365509033203;217.80921936035156
-8.711370639503002;0.433976948261261;-0.058916956186294556;169.55247402191162;-433.31814765930176;268.5854244232178
-8.474118635058403;2.7571991086006165;0.9704031050205231;114.91865873336792;-540.4804229736328;198.81872177124023
-7.278966531157494;2.3831695318222046;1.3514690101146698;39.50191140174866;-526.50146484375;112.71694421768188
-6.692510470747948;-1.4397785067558289;2.0813405513763428;275.23040771484375;-380.742130279541;203.6692714691162
-6.823849305510521;1.9278153777122498;0.25328323245048523;51.55570864677429;-579.71923828125;128.5526704788208
-6.31663016974926;-0.8767873048782349;-0.054817646741867065;135.12052059173584;-263.4853935241699;447.5163173675537
-6.82882983237505;1.452326774597168;0.3155529499053955;-92.30921030044556;-528.6860275268555;46.51779770851135
-6.812629289925098;-1.728755235671997;1.7044343054294586;67.82474040985107;-497.89289474487305;241.7354965209961
-9.815999865531921;-1.1387184262275696;2.1034620702266693;99.35956478118896;-467.9156684875488;150.7137680053711
-8.578718639910221;-2.009376883506775;-1.0982036590576172;83.60957622528076;-242.52960205078125;407.7726745605469
-8.677417784929276;-1.5349030494689941;1.7999634146690369;110.4870343208313;-514.6158599853516;49.87753987312317
-9.670555964112282;1.682223379611969;0.3841213881969452;112.91312456130981;-503.7312126159668;39.82795000076294
-7.622549124062061;-0.9779065847396851;2.6427268981933594;75.21466255187988;-221.36748790740967;414.1030025482178
-8.936867862939835;1.5296727418899536;1.14278644323349;32.77754545211792;-510.34990310668945;52.851115465164185
-9.399790316820145;0.4867181181907654;2.71260067820549;60.28512954711914;-421.2117290496826;307.4044418334961
-10.106625035405159;0.13596564531326294;1.7835482954978943;-16.697605848312378;-357.0332622528076;323.3387088775635
-7.279052026569843;0.6526350975036621;2.2704944014549255;-27.107863426208496;-481.05743408203125;224.8147487640381
-5.741037614643574;1.0304063558578491;-0.874849408864975;-75.0609040260315;-439.30463790893555;365.89734077453613
-9.24355499446392;-0.2512246370315552;2.299390733242035;35.75351357460022;-422.47283935546875;403.1701469421387
-5.9419529512524605;-0.41938573122024536;1.4615938067436218;117.36703634262085;-548.7374496459961;75.09896278381348
-7.720544748008251;1.5241250395774841;-1.2472674250602722;-50.33482074737549;-378.9906120300293;363.0461025238037
-6.986130215227604;-1.2326717376708984;-2.391842007637024;216.93230152130127;-467.84780502319336;274.2430114746094
-8.27459804713726;0.058338046073913574;0.7977180182933807;-56.35932683944702;-494.7049140930176;244.94519233703613
-9.23023335635662;-1.4479637145996094;1.4247916638851166;260.28611183166504;-386.7584037780762;249.66184616088867
-9.753191471099854;-2.478356659412384;-0.6870590150356293;86.74487113952637;-404.60503578186035;315.1487445831299
-7.082179002463818;0.7725343108177185;0.9812481701374054;73.58420133590698;-504.6324920654297;62.502994537353516
-8.086719363927841;-2.183268964290619;-0.1982755959033966;147.866792678833;-452.9621887207031;288.0773448944092
-9.236480668187141;-0.8449092507362366;2.5074563920497894;155.8468723297119;-425.9538745880127;285.9554386138916
-6.284772232174873;-0.2782166004180908;-1.4753982424736023;-78.97599935531616;-493.6791801452637;278.6722183227539
-6.132703274488449;0.883832573890686;-0.5307935178279877;172.35835075378418;-407.6524543762207;395.2228546142578
-9.557684138417244;-2.086557447910309;0.5360148847103119;227.25736141204834;-471.17374420166016;34.28723216056824
-8.139896392822266;-1.735357940196991;-0.9002834558486938;142.44993209838867;-300.704927444458;422.3301887512207
-8.24875608086586;-1.5252336859703064;-1.753900945186615;105.6956934928894;-500.4269599914551;113.88896942138672
-9.827924519777298;-2.16243714094162;1.2670107185840607;40.29386043548584;-517.7110862731934;96.96586847305298
-9.180152043700218;-1.060299575328827;0.6781943142414093;100.64920663833618;-267.4415588378906;443.1188106536865
-10.096684098243713;-0.37754327058792114;-0.37221014499664307;-83.87657403945923;-396.53672218322754;360.466947555542
-8.877235651016235;0.7895976305007935;-1.4884896576404572;-10.82767903804779;-496.92638397216797;150.83009719848633
-9.483946859836578;0.6574183702468872;-1.2209169566631317;68.62511157989502;-499.0703773498535;117.33505725860596
-10.700172185897827;0.10844618082046509;0.6936460733413696;150.75257778167725;-441.0275173187256;264.9356746673584
-8.275672607123852;1.3241395354270935;-1.8042057752609253;107.53718376159668;-414.56371307373047;227.91223526000977
-8.029051311314106;0.046558678150177;-0.38083791732788086;117.65156507492065;-517.7596664428711;134.6381950378418
-7.601249031722546;-0.9361669421195984;1.7909087240695953;158.4448528289795;-461.18680000305176;336.5939998626709
-6.629800423979759;-0.38292109966278076;0.38150399923324585;21.420679092407227;-578.3180809020996;102.98444509506226
-6.3807763159275055;1.4564618468284607;-0.9008042514324188;150.7790994644165;-514.1422462463379;92.05648899078369
-6.701181270182133;0.28708577156066895;-2.419015020132065;95.00972986221313;-458.56553077697754;240.90645790100098
-8.2789845764637;0.8360043168067932;-0.018896162509918213;71.81674003601074;-489.4040107727051;203.50396156311035
-9.433343634009361;-1.6170188784599304;2.1083638072013855;84.2570972442627;-454.4593906402588;312.9425525665283
-8.105387538671494;1.030835509300232;2.397286891937256;-76.26932859420776;-471.65493965148926;298.10216903686523
-9.560052305459976;2.097049355506897;-0.5381964147090912;146.97346687316895;-495.38463592529297;122.49289512634277
-7.8376952558755875;1.691552996635437;-1.6680523753166199;142.1903371810913;-418.3600902557373;264.8924446105957
-7.709656096994877;-0.46091973781585693;-2.7071066200733185;-24.808090925216675;-561.7977905273438;115.5553150177002
-9.065589308738708;-0.8612081408500671;2.66801118850708;14.72282499074936;-515.5391120910645;233.46173286437988
-8.378067053854465;-1.1948615312576294;0.4737451672554016;254.06513214111328;-475.3114986419678;-13.835299015045166
-8.496078662574291;0.616098940372467;0.2922177314758301;143.65272045135498;-405.9606456756592;255.73084831237793
-7.901298813521862;-0.9046733379364014;1.8603555858135223;161.56847476959229;-456.40196800231934;321.80331230163574
-8.10618493705988;-0.12193769216537476;2.905724197626114;96.60997867584229;-430.8167266845703;292.63089179992676
-6.497486494481564;-0.05168616771697998;1.3387218117713928;146.33033752441406;-351.7255210876465;327.6760482788086
-8.108346909284592;1.443314552307129;2.443930506706238;101.4203953742981;-538.0214881896973;203.49512100219727
-9.488941356539726;-2.679070830345154;-0.15441253781318665;299.1412925720215;-380.45825958251953;209.83343124389648
-6.413802690804005;-2.259059250354767;-0.06275922060012817;251.96934700012207;-392.5985813140869;280.0345516204834
-10.698922723531723;-0.9345173835754395;0.5936957895755768;30.82682490348816;-316.79935455322266;375.15380859375
-9.45044495165348;-0.7227838039398193;-0.0447593629360199;67.3426866531372;-520.9757423400879;108.60355854034424
-5.793909542262554;-1.0093867778778076;-0.18626153469085693;49.643322229385376;-400.3777885437012;344.2191696166992
-6.910077296197414;-0.11566579341888428;0.6119102239608765;17.492998838424683;-392.378511428833;355.88510513305664
-6.335366517305374;1.119495928287506;1.1093772947788239;161.0083293914795;-426.58169746398926;284.57505226135254
-6.730898469686508;-0.2680465579032898;-1.8322482705116272;245.01551628112793;-386.5557861328125;313.39076042175293
-7.6974911615252495;-2.0012184977531433;1.0867148637771606;181.51986122131348;-441.39201164245605;198.7551498413086
-7.283625192940235;0.006575882434844971;-0.6874099373817444;52.13835597038269;-483.0006408691406;215.965576171875
-10.206513851881027;0.44272541999816895;-0.7502920925617218;-28.258888721466064;-450.01004219055176;182.74858474731445
-8.791698329150677;1.2118399143218994;0.8705534040927887;117.12124586105347;-501.3998794555664;63.4211540222168
-7.965924963355064;1.7887964844703674;0.48195943236351013;52.33531594276428;-428.6483860015869;391.13797187805176
-6.507396139204502;0.12710988521575928;1.2059502303600311;6.6191330552101135;-489.6298599243164;226.27321243286133
-9.476295858621597;-0.8009299635887146;-1.3640329241752625;131.19189262390137;-487.41851806640625;139.389967918396
-5.658950284123421;1.1825323104858398;0.4819437861442566;267.17711448669434;-491.2447929382324;133.06536197662354
-8.1259835511446;-0.2610057592391968;-1.1816874146461487;150.18118858337402;-391.3754081726074;367.67852783203125
-5.767665803432465;-0.938965380191803;-0.47553107142448425;-69.5777678489685;-377.30878829956055;351.96990966796875
-8.370275236666203;-1.9990235567092896;-2.114233374595642;-110.95020532608032;-329.75483894348145;403.5853385925293
-10.502753779292107;0.12067258358001709;1.0212063789367676;193.43617916107178;-464.77492332458496;273.0677890777588
-6.9258615374565125;1.1302649974822998;-0.7151439785957336;-2.862069010734558;-489.44515228271484;301.24202728271484
-6.260689347982407;-0.7547467947006226;0.5420409142971039;107.85341262817383;-345.5423927307129;352.38000869750977
-6.231355480849743;0.6120175123214722;0.4800952970981598;163.72459888458252;-424.3186569213867;215.9187126159668
-8.268660306930542;-2.2813305258750916;-0.541551411151886;86.72837734222412;-344.8483657836914;437.4638557434082
-8.569996990263462;0.06521344184875488;0.5774505436420441;151.22700691223145;-432.72388458251953;267.29679107666016
-9.859063848853111;-0.9187772870063782;-0.7880955934524536;41.47760510444641;-466.53124809265137;351.5562343597412
-8.653255552053452;0.6498277187347412;1.8466003239154816;213.40649127960205;-477.54258155822754;130.75647354125977
-10.609636455774307;1.7749249935150146;-0.17573609948158264;251.93764686584473;-414.58617210388184;144.83774185180664
-9.574469178915024;0.48908740282058716;-2.228444069623947;-59.12625432014465;-384.9672031402588;401.09421730041504
-8.608288317918777;0.732770562171936;-1.119491457939148;177.78034687042236;-472.8522491455078;223.84111404418945
-9.900317341089249;-2.345605194568634;0.5733177065849304;113.12182188034058;-375.1571846008301;256.43174171447754
-8.162696287035942;-0.10031461715698242;-1.3492874801158905;82.30853319168091;-460.7047748565674;179.48040962219238
-7.560338079929352;0.045450031757354736;-1.9479990005493164;46.61219000816345;-305.4824924468994;421.37343406677246
-7.288514636456966;-0.6025224924087524;0.9115487337112427;28.09285283088684;-453.44922065734863;288.37843894958496
-8.610638044774532;-0.2692088484764099;0.010482966899871826;189.70094203948975;-410.7501697540283;249.5548152923584
-7.334427908062935;-1.7276957631111145;-0.8651196956634521;104.68949317932129;-473.3038330078125;267.7280616760254
-8.373411744832993;-1.9423440098762512;-2.209523320198059;34.3695867061615;-565.2159690856934;172.3667335510254
-8.076399564743042;0.8963227272033691;0.7173366844654083;36.648677587509155;-529.896125793457;225.36011695861816
-9.470876678824425;-1.7729580402374268;0.40869712829589844;62.32026815414429;-371.9366455078125;313.80955696105957
-7.3302146047353745;2.1106794476509094;1.4159493148326874;38.22681784629822;-501.0999870300293;133.65763664245605
-9.207101538777351;2.302005887031555;-0.6991244852542877;73.69716882705688;-469.103479385376;113.23683500289917
-6.239677034318447;-0.2993166446685791;-1.494596153497696;30.186595916748047;-324.56417083740234;389.478120803833
-9.869341179728508;1.1504262685775757;1.5866272151470184;10.690227448940277;-434.3960952758789;318.24474334716797
-5.648701451718807;-1.148959994316101;-0.40493085980415344;161.70154094696045;-396.11878395080566;315.05069732666016
-9.115306846797466;1.433815062046051;2.321295440196991;-19.75308895111084;-471.0374450683594;244.00062561035156
-9.193938598036766;0.6306275725364685;-0.5917288362979889;141.46814346313477;-329.1562557220459;351.19580268859863
-7.871853746473789;-2.233251929283142;0.015664100646972656;-23.10925841331482;-401.80277824401855;396.7566204071045
-7.080951891839504;-1.7717063426971436;-0.6359025835990906;88.291175365448;-385.18529891967773;313.3938503265381
-9.93100292980671;-1.1288076639175415;0.2934001386165619;91.44930124282837;-351.61974906921387;367.5995063781738
-8.32860879600048;-0.1550227403640747;2.808290719985962;86.36127948760986;-461.28971099853516;194.834246635437
-10.664885491132736;-0.38406550884246826;-1.7551079392433167;8.116574585437775;-518.7409973144531;20.920658111572266
-9.413903206586838;-0.2828165888786316;0.6155669689178467;133.00724029541016;-523.7133407592773;75.16172647476196
-6.242749840021133;0.8150473237037659;0.5384601652622223;13.188908994197845;-497.7360534667969;275.626745223999
-7.705756276845932;-2.3487702012062073;0.6676621735095978;252.96927452087402;-303.6478042602539;342.5434970855713
-10.387276858091354;0.40070414543151855;1.6576722264289856;-28.836779594421387;-438.0043029785156;279.8540210723877
-9.25196260213852;-1.1298403143882751;1.7573453485965729;118.52037191390991;-518.038272857666;5.433168411254883
-9.323759749531746;1.2938708066940308;-1.7626650631427765;47.55353093147278;-498.9162826538086;324.2112922668457
-8.355421386659145;0.028789043426513672;-1.38748437166214;-4.189398139715195;-507.2320747375488;248.57199668884277
-6.639144569635391;-1.7067700624465942;1.663738489151001;7.965417802333832;-313.59243392944336;428.9874744415283
-9.538252651691437;0.8246541023254395;-1.2942664325237274;198.09167861938477;-470.4463863372803;96.00289106369019
-7.938865385949612;-1.132093369960785;-2.446780353784561;71.41509532928467;-277.93201446533203;455.1456356048584
-9.090900421142578;-1.852235198020935;0.09168684482574463;-52.00187087059021;-490.1239585876465;195.24109840393066
-6.586199440062046;-1.8613100051879883;0.3772437572479248;91.03273630142212;-281.0944175720215;388.0016899108887
-7.369037345051765;-0.20068734884262085;0.927376002073288;177.89713382720947;-311.222505569458;328.8600826263428
-8.054778724908829;-0.622674822807312;1.4979466795921326;174.81136322021484;-333.19870948791504;347.7165412902832
-7.305884175002575;2.601367235183716;-0.30181780457496643;-114.92694854736328;-527.0682907104492;238.23211669921875
-6.644843704998493;-0.05474388599395752;2.0793087780475616;8.640810549259186;-527.5449371337891;179.67493057250977
-7.985669933259487;-0.8554145693778992;-2.055796980857849;112.55423784255981;-542.7825736999512;20.59334635734558
-8.157960511744022;0.33004581928253174;-2.7474023401737213;-169.0958833694458;-452.3613166809082;291.8635082244873
-8.541212417185307;-2.601957321166992;0.42201876640319824;11.455157697200775;-473.97711753845215;199.1580104827881
-10.361309722065926;0.6414949893951416;0.5580157041549683;118.67877244949341;-405.2597236633301;298.44017028808594
-10.609901323914528;-0.44918060302734375;1.4128893613815308;79.03387069702148;-447.22352027893066;215.69249153137207
-10.357651859521866;-1.6432106494903564;-0.5679599940776825;110.46340227127075;-451.60964012145996;300.08368492126465
-6.911950930953026;2.0913630723953247;1.6005009412765503;112.07218408584595;-403.2679080963135;342.3614501953125
-6.619701907038689;-2.3761287331581116;-0.3190174698829651;-106.31289482116699;-509.77827072143555;304.9094295501709
-6.591120176017284;-1.889030635356903;-0.18271878361701965;148.83738040924072;-476.0591983795166;287.57174491882324
-5.923199839890003;-0.2490207552909851;-1.2870915234088898;-46.98410511016846;-533.5525131225586;277.3139762878418
-9.001948311924934;1.278117299079895;2.578539401292801;-50.848742723464966;-467.5560665130615;183.77883911132812
-8.524109423160553;-0.7007181644439697;-2.296985685825348;33.31440567970276;-437.7904987335205;413.333101272583
-6.054646521806717;0.14759302139282227;-0.28713494539260864;42.68460988998413;-534.9002838134766;65.28805732727051
-8.797118067741394;0.2384081482887268;-2.4572253227233887;47.48027443885803;-410.6583023071289;337.8819465637207
-7.426288537681103;-0.4477277398109436;-1.5857823193073273;314.5540237426758;-441.1813259124756;46.510101556777954
-8.332476764917374;2.6791200041770935;1.3095706701278687;79.35238838195801;-520.9377479553223;77.29328870773315
-7.069636881351471;1.9753307104110718;-0.7444784045219421;17.227342128753662;-446.5862846374512;226.11536979675293
-10.167315602302551;-1.3961657881736755;0.2514101564884186;88.43509197235107;-413.78185272216797;186.24260902404785
-9.358019381761551;-1.1861532926559448;-1.4603734016418457;80.92502117156982;-342.2746467590332;336.2124538421631
-7.396329939365387;0.3829479217529297;1.7396673560142517;43.71684551239014;-388.49804878234863;388.43092918395996
-10.285835713148117;-1.391690969467163;-0.2379298210144043;126.80118083953857;-497.36114501953125;76.7797064781189
-7.494581490755081;-1.0213539004325867;-2.4657435715198517;-86.74854755401611;-469.53832626342773;263.95734786987305
-9.879104420542717;0.0524371862411499;-1.3967961072921753;24.84106421470642;-405.13647079467773;251.37136459350586
-6.176161766052246;-1.016990840435028;-0.8050493896007538;28.442680835723877;-386.9947814941406;359.9032688140869
-8.4737878292799;0.987204909324646;-1.0479725897312164;124.89206314086914;-254.61527824401855;407.0254898071289
-8.169757202267647;1.2505576014518738;-2.5287263095378876;214.33073043823242;-412.0411491394043;256.1964797973633
-9.437546879053116;-0.3635868430137634;-1.066242903470993;-50.398675203323364;-426.3665199279785;311.14208221435547
-8.392724767327309;2.5584250688552856;-0.3555893898010254;191.36022090911865;-405.745153427124;299.69407081604004
-7.08623081445694;-0.24596750736236572;-0.3111116588115692;-10.480834543704987;-455.29369354248047;265.671443939209
-6.976410001516342;1.3116717338562012;-2.236378937959671;1.3685747981071472;-402.95783042907715;357.68543243408203
-9.232782572507858;0.8962422609329224;-1.230691373348236;1.9972345232963562;-510.3288459777832;147.5034999847412
-9.149084240198135;1.4648079872131348;0.17039179801940918;226.03331565856934;-440.33909797668457;236.09447479248047
-9.026598930358887;-0.06228983402252197;-1.124853640794754;37.01588988304138;-341.484317779541;321.0795593261719
-7.072910293936729;0.16417354345321655;0.9396761655807495;-67.91640043258667;-498.99988174438477;192.49883651733398
-9.112496674060822;-0.6636634469032288;-1.3815432786941528;111.06149911880493;-515.1984214782715;89.13392543792725
-9.761866182088852;-1.2224704027175903;-1.9342482089996338;-97.21856117248535;-351.80399894714355;382.42140769958496
-6.468328647315502;0.5000710487365723;-0.02126544713973999;27.472976446151733;-246.89741134643555;448.9027976989746
-7.4930911883711815;0.8628711104393005;0.6599083542823792;27.36552357673645;-567.4232482910156;6.044976711273193
-6.7693909630179405;0.7371380925178528;-0.14011859893798828;-18.150052428245544;-502.56860733032227;218.1217861175537
-7.8542981296777725;0.814470648765564;2.145257592201233;140.2177333831787;-497.7710723876953;54.663165807724
-8.043928630650043;2.056838572025299;-0.8397504687309265;189.51772212982178;-344.29006576538086;338.41504096984863
-6.327623873949051;-0.16956031322479248;-1.7266921699047089;70.33490896224976;-476.6521739959717;251.17541313171387
-9.726248681545258;-2.2037118673324585;-0.018095970153808594;315.62058448791504;-363.5459232330322;217.26716995239258
-8.895273506641388;-0.3524601459503174;-2.339693158864975;-12.857513129711151;-552.1140289306641;114.36882019042969
-8.57588779181242;0.0648200511932373;-0.9178385138511658;-51.70305132865906;-449.5682430267334;309.0592575073242
-6.321493349969387;-1.4970794320106506;-0.4030488431453705;148.94155025482178;-469.4743824005127;222.24472045898438
-8.436804637312889;-2.646656334400177;0.4514850676059723;-2.2294047474861145;-436.59253120422363;351.6274166107178
-7.918308489024639;-1.0893389582633972;-1.8662631511688232;-10.343718230724335;-219.77527141571045;444.88537788391113
-9.474803879857063;-1.343567669391632;-1.337161660194397;206.55590057373047;-290.42850494384766;396.1786079406738
-6.787157244980335;1.5755027532577515;1.6121014952659607;-53.5068941116333;-444.1539001464844;305.2580451965332
-8.661234006285667;1.810428500175476;1.559121161699295;146.46689414978027;-422.3927307128906;283.4824562072754
-9.294001199305058;-0.9260237216949463;-1.423933357000351;37.605557441711426;-378.0480194091797;355.72611808776855
-9.019770473241806;2.2200867533683777;0.09347498416900635;169.67525482177734;-377.75816917419434;381.0319232940674
-8.291583135724068;-0.6681829690933228;-2.2424787282943726;190.43907165527344;-497.2752571105957;130.53940773010254
-9.477368742227554;0.296938419342041;-2.3820966482162476;262.2344970703125;-435.49673080444336;71.77243709564209
-10.125933587551117;-0.9935975074768066;0.764145702123642;132.0091438293457;-376.6054916381836;342.44153022766113
-7.3730310425162315;-0.9370565414428711;-1.4821238815784454;135.97426414489746;-286.5555667877197;427.18053817749023
-9.623551368713379;-0.8637338876724243;-1.685989648103714;-40.6668484210968;-259.7402572631836;425.2786445617676
-7.117932289838791;-0.15527307987213135;-0.358562171459198;79.40078258514404;-320.2140140533447;386.5906047821045
-7.667334191501141;0.7982164621353149;-2.2078201174736023;126.77043914794922;-475.17388343811035;239.33781623840332
-8.460462279617786;1.871412992477417;-0.8110329508781433;104.56231355667114;-418.77124786376953;345.63159942626953
-6.252296268939972;1.2630745768547058;0.8076019585132599;218.15478801727295;-438.2309818267822;191.0284423828125
-5.874155648052692;-0.6225049495697021;1.6007378697395325;-60.894126892089844;-504.38873291015625;317.7356815338135
-8.797036483883858;-1.312592625617981;-0.27177929878234863;92.89469718933105;-479.4930839538574;186.10928535461426
-6.491463258862495;-2.018474042415619;1.226777583360672;38.8916552066803;-505.6157112121582;192.13115215301514
-6.378927826881409;1.6202956438064575;1.5464767813682556;-24.689394235610962;-541.4580345153809;34.688358306884766
-7.612684182822704;-0.7212460041046143;2.571623772382736;182.59215831756592;-402.0361518859863;330.1322937011719
-8.100757375359535;2.198164165019989;0.7594406604766846;178.68746280670166;-387.70554542541504;340.1499652862549
-6.624927185475826;0.6134390830993652;-1.7752781510353088;112.6383376121521;-532.8923034667969;94.18005466461182
-6.862769275903702;0.052951276302337646;-0.83150714635849;-87.08697080612183;-411.3991355895996;334.17572021484375
-9.4028290361166;-1.7693862318992615;-1.5996873378753662;42.91044473648071;-530.6574440002441;133.78382205963135
-8.327324129641056;-1.848377287387848;1.5989743173122406;4.726789891719818;-389.6930122375488;444.03636932373047
-7.589931786060333;-0.9770169854164124;-1.6191087663173676;60.619189739227295;-280.79418182373047;405.20270347595215
-8.944626152515411;-2.7022182941436768;1.0475747287273407;21.091479063034058;-436.9606018066406;385.1769733428955
-8.533656410872936;-0.547344982624054;0.6075672805309296;83.65511655807495;-263.3902072906494;398.0995845794678
-8.82409829646349;1.2069225311279297;-1.6849212348461151;-1.357262134552002;-392.9435062408447;384.0838623046875
-8.728335052728653;-1.3190969824790955;2.1450184285640717;35.53776741027832;-411.71899795532227;322.3634147644043
-8.24134424328804;0.39212554693222046;-2.036471664905548;106.75439357757568;-499.4432258605957;244.65242385864258
-5.917652137577534;1.0443627834320068;0.6539627909660339;0.8540430665016174;-385.8532905578613;320.93461990356445
-9.382405132055283;-1.8180280923843384;0.5351968109607697;124.32419300079346;-505.14455795288086;81.13007068634033
-9.875732660293579;2.386307716369629;0.4018351435661316;-12.88616806268692;-442.4991989135742;278.0375003814697
-7.159884832799435;2.406209707260132;-0.2609632909297943;56.92953944206238;-509.54498291015625;295.13279914855957
-6.686338596045971;-1.742255687713623;1.1574625968933105;187.8907299041748;-553.5526657104492;88.17652702331543
-9.64822992682457;-1.2903302907943726;1.0159894824028015;74.53057765960693;-178.35034847259521;419.6703243255615
-8.110910654067993;2.0339637994766235;1.8545933067798615;163.68407249450684;-511.8683052062988;-93.16983461380005
-6.532720103859901;-1.490369439125061;-0.22682547569274902;26.963932514190674;-421.2553024291992;421.3285446166992
-6.357354484498501;0.70686936378479;-0.7477305829524994;176.6478967666626;-536.3689041137695;11.096363067626953
-7.934361509978771;-0.24254769086837769;-2.910976856946945;138.04617404937744;-227.05488681793213;427.1015453338623
-7.911849953234196;0.8230134844779968;-1.6213998198509216;145.2444076538086;-417.2966194152832;393.2775020599365
-8.94991010427475;2.3138031363487244;0.2546578645706177;2.3555955290794373;-399.74796295166016;349.59388732910156
-9.573892503976822;-1.4600962400436401;0.5099371075630188;175.41458129882812;-413.55345726013184;195.67803382873535
-9.205380454659462;1.42410546541214;-2.0339079201221466;-110.93625068664551;-370.29295921325684;380.8455562591553
-10.371066257357597;-0.7075801491737366;-0.19698813557624817;100.22841453552246;-377.72875785827637;348.19424629211426
-6.813184171915054;0.5929425358772278;-0.23032799363136292;28.251417875289917;-421.89059257507324;287.1083736419678
-6.225413270294666;-0.9732618927955627;0.38913264870643616;68.68765354156494;-542.6142311096191;86.89861536026001
-7.201715558767319;-1.5628382563591003;-0.29165446758270264;84.70026969909668;-363.9225196838379;374.2810535430908
-6.815980933606625;0.8119985461235046;-1.4291346073150635;-40.87927579879761;-369.31188583374023;369.66419219970703
-9.07598901540041;-2.02697217464447;0.5361825227737427;75.5840277671814;-353.704891204834;340.47228813171387
-9.13628675043583;1.5489757061004639;1.783628761768341;139.7189998626709;-389.30946350097656;320.6411647796631
-7.8812845051288605;0.8499696850776672;-2.0418159663677216;14.971145689487457;-484.55434799194336;250.6376838684082
-8.533457480370998;-2.006109058856964;-1.1116303503513336;-4.441466331481934;-436.06736183166504;240.55106163024902
-10.200503468513489;0.43756216764450073;1.455952227115631;160.7847261428833;-366.3009738922119;340.5406951904297
-7.9727355390787125;-2.6084527373313904;-0.8035451173782349;50.97122311592102;-434.9317932128906;260.19381523132324
-8.361587673425674;0.4294484853744507;0.5360953509807587;85.327627658844;-233.75471591949463;421.9141674041748
-10.258467122912407;-1.7064839601516724;-1.442158967256546;3.2214903831481934;-261.9554328918457;399.7720241546631
-9.949589520692825;-1.7291441559791565;0.042032450437545776;174.67359066009521;-361.3719177246094;297.57299423217773
-8.352882787585258;-1.4047443866729736;-1.3785526156425476;187.92494773864746;-414.6417045593262;276.0300922393799
-7.213278114795685;-2.4545297026634216;-0.5951844155788422;33.88176441192627;-438.39978218078613;337.302188873291
-8.42754989862442;-0.760987401008606;2.077952027320862;28.852518796920776;-522.4748611450195;194.33100700378418
-9.068950451910496;-0.9088754653930664;2.195240557193756;71.9765567779541;-514.5623588562012;158.1758451461792
-10.466238856315613;-0.4699230194091797;-0.09973570704460144;-50.353732109069824;-455.4498767852783;229.17317390441895
-9.061875566840172;0.5666166543960571;-2.2419020533561707;42.82706022262573;-563.294734954834;122.04278469085693
