x;y;z;vx;vy;vz
-7.951251603662968;-2.107572555541992;0.5729734897613525;4.9553462862968445;-466.54744148254395;352.95324325561523
-8.027773350477219;-0.9887874126434326;0.8479312062263489;128.46543788909912;-358.586483001709;428.75341415405273
-9.36535969376564;1.8437281250953674;0.006406009197235107;142.7232027053833;-363.79855155944824;403.3743095397949
-5.768484994769096;-1.1614367365837097;0.11316463351249695;114.38652992248535;-582.0323181152344;57.564733028411865
-9.470146894454956;1.373550295829773;-2.1030910313129425;65.63011407852173;-411.802453994751;235.10640621185303
-8.101148530840874;-0.9834855794906616;-1.7829470336437225;220.7937240600586;-463.0129623413086;43.122568130493164
-8.656218275427818;1.8395572900772095;1.1756055057048798;3.8298431038856506;-509.7679138183594;169.86286640167236
-8.887088298797607;0.6939142942428589;-1.9887618720531464;125.28775691986084;-340.01220703125;343.044376373291
-8.35174173116684;-0.9817063808441162;-0.8126132190227509;148.30108165740967;-414.8195171356201;272.7148246765137
-9.179304912686348;-1.4708563685417175;-0.4846997559070587;167.5266408920288;-411.710786819458;331.66162490844727
-6.939463689923286;0.7677286863327026;-1.4901459217071533;220.47861099243164;-323.3042621612549;329.9659538269043
-10.55944561958313;-0.3785848617553711;-0.7779523730278015;-25.636484026908875;-409.9705123901367;308.08324813842773
-8.352329581975937;-1.9044890999794006;-1.8253907561302185;9.624106585979462;-503.76245498657227;116.12749099731445
-7.762925885617733;-1.4965519309043884;0.1665741205215454;144.92347240447998;-492.14263916015625;-16.24762773513794
-9.561482816934586;-1.7566591501235962;-1.4415688812732697;0.8725288510322571;-512.2589492797852;243.24583053588867
-7.463532127439976;-2.5986447930336;-0.3451332449913025;62.66049385070801;-451.274471282959;336.3999366760254
-9.378210827708244;-1.4999359846115112;0.3905676305294037;70.66917657852173;-369.4709873199463;288.7513732910156
-8.252635225653648;1.4970570802688599;-1.6072578728199005;188.16497325897217;-361.6372489929199;349.4527816772461
-7.131551764905453;-0.7542282342910767;-2.475026249885559;8.691336214542389;-376.3919734954834;437.5953483581543
-7.596722804009914;1.6273364424705505;1.8604941666126251;158.06023120880127;-492.6116180419922;-65.93619346618652
-7.100076042115688;-2.5430023670196533;-0.07839426398277283;31.292495727539062;-390.79670906066895;416.81453704833984
-8.180349133908749;1.3968676328659058;0.8045777678489685;48.13334584236145;-502.10426330566406;264.82415199279785
-8.767469599843025;-0.06735026836395264;-2.1599672734737396;53.74628305435181;-427.1861171722412;273.7854766845703
-7.25439079105854;0.21796971559524536;0.17149820923805237;209.76232051849365;-499.8193359375;170.40932178497314
-7.416174933314323;1.337192952632904;0.7125020027160645;181.45726203918457;-438.87651443481445;203.8648223876953
-9.198541939258575;-2.7268990874290466;-0.6032757461071014;17.8647780418396;-285.1790714263916;473.32775115966797
-7.847985997796059;-0.03511011600494385;0.43365955352783203;118.61246109008789;-472.4813747406006;125.86239337921143
-8.640184812247753;-0.5214840173721313;-0.8053556084632874;-104.96907949447632;-436.051082611084;344.6846008300781
-9.616346284747124;0.5175277590751648;-0.27347803115844727;123.66796016693115;-341.16557121276855;317.64132499694824
-10.071470215916634;-1.078610122203827;-1.7135471105575562;8.360550105571747;-422.9267978668213;300.2256488800049
-10.345838963985443;-0.3633633255958557;1.1065565049648285;130.7761001586914;-256.5091896057129;370.3055763244629
-7.8169891610741615;1.3000309467315674;-1.1580124497413635;-21.777108907699585;-504.0391731262207;125.933518409729
-9.883064031600952;1.5669196844100952;-0.882122665643692;99.7455382347107;-411.903076171875;236.84972763061523
-8.69438722729683;-2.214905619621277;1.7957434058189392;294.3023872375488;-390.91896057128906;161.75085067749023
-7.490740902721882;-0.8135586977005005;1.736576110124588;136.361403465271;-398.0570983886719;418.4358787536621
-7.72823765873909;-2.0350366830825806;-2.0218268036842346;227.65389919281006;-459.5365333557129;170.21246910095215
-5.760981515049934;1.4402389526367188;-0.3750219941139221;29.558948278427124;-428.19677352905273;453.6104965209961
-8.04896280169487;1.962997019290924;-1.3374634087085724;-11.018235683441162;-408.56486320495605;337.09917068481445
-7.253798469901085;-2.2841423749923706;0.6611868739128113;-43.62557530403137;-360.20339012145996;423.6321258544922
-8.610444702208042;2.302323281764984;-1.0111235082149506;191.43755435943604;-518.7955284118652;70.82483053207397
-6.867905706167221;-0.6972536444664001;-2.260833978652954;92.42855072021484;-392.3353958129883;414.67763900756836
-9.985765814781189;1.441812515258789;-0.13092532753944397;8.347208797931671;-502.5425720214844;73.25323820114136
-7.363427616655827;1.355677843093872;1.4534533023834229;72.32887029647827;-397.8024387359619;337.42286682128906
-10.65511554479599;-0.9848535060882568;0.05061998963356018;-85.72434425354004;-475.25073051452637;269.8915386199951
-7.771151885390282;2.765379846096039;-0.4541270434856415;16.83517098426819;-510.91718673706055;188.46563816070557
-6.302068009972572;-0.10354220867156982;-0.731784850358963;21.052361726760864;-505.7670593261719;349.1495704650879
-7.289120927453041;-0.2593204379081726;-1.1842310428619385;-67.88599491119385;-512.8993034362793;225.22569179534912
-7.085012085735798;0.5829557776451111;0.4506826400756836;85.72989463806152;-442.4912738800049;243.14666748046875
-8.12985822558403;0.7071688771247864;1.0757312178611755;8.791897594928741;-545.6128120422363;143.22132110595703
-7.045703753829002;1.5765935182571411;0.2673022449016571;162.78295040130615;-542.6754570007324;176.2261962890625
-9.9808931350708;0.28153806924819946;-1.3759039342403412;114.84367847442627;-437.01258659362793;320.62414169311523
-9.003204479813576;-2.7117714285850525;0.1838989555835724;90.04735708236694;-540.9427070617676;168.2776165008545
-9.26656387746334;-0.970199704170227;-0.16904622316360474;186.05172157287598;-394.17789459228516;251.4488983154297
-8.792464435100555;-1.3766482472419739;1.1753126978874207;98.96944284439087;-494.54051971435547;250.29579162597656
-6.459025293588638;0.5688071250915527;1.4116689562797546;178.9452838897705;-527.1415328979492;64.88257169723511
-8.734876289963722;1.6555219888687134;2.1757252514362335;108.2027792930603;-374.5811462402344;314.48009490966797
-7.644693553447723;0.6454199552536011;-1.5874452888965607;235.56113719940186;-341.14545822143555;338.60692977905273
-8.424629084765911;1.6660049557685852;0.6441079080104828;-26.86400055885315;-505.8714294433594;307.57312774658203
-7.2203027084469795;-1.1333361268043518;0.7305510342121124;307.8794288635254;-348.08959007263184;241.59868240356445
-6.712888553738594;0.5964472889900208;1.9088700413703918;114.4605302810669;-522.0889091491699;127.541184425354
-8.840325102210045;-2.89231538772583;-0.5826562643051147;55.642476081848145;-514.6347427368164;211.3033676147461
-9.227844513952732;-1.0517165064811707;0.8449450135231018;165.29794692993164;-457.6146697998047;79.31641101837158
-10.159298032522202;-2.1335452795028687;0.31143128871917725;89.84676361083984;-498.79486083984375;265.01898765563965
-8.486127108335495;1.039445400238037;-2.399922162294388;104.88404989242554;-510.50113677978516;101.41495943069458
-6.8396564573049545;0.3534480929374695;2.0497776567935944;178.7883996963501;-482.78663635253906;120.19289016723633
-7.258737646043301;-0.216713547706604;0.5518890917301178;223.5891580581665;-370.5256175994873;313.64044189453125
-7.779357768595219;-1.8652841448783875;0.9334109723567963;-63.930208683013916;-533.1804084777832;227.68263816833496
-8.693786524236202;1.8641039729118347;1.758275181055069;44.60590839385986;-493.0740737915039;228.3445644378662
-9.831506386399269;-2.0883098244667053;-0.9511426091194153;-7.946894466876984;-455.30920028686523;327.4640464782715
-7.661438919603825;-2.264226973056793;-0.37688612937927246;54.998745918273926;-548.3878326416016;132.3486614227295
-10.077207908034325;1.0087385773658752;1.0344989597797394;78.4209394454956;-502.5889778137207;71.31204128265381
-7.744864001870155;1.7641514539718628;-0.26204735040664673;126.74109935760498;-482.2346878051758;309.91244316101074
-8.75399261713028;0.22944509983062744;-0.17320364713668823;171.54064178466797;-365.8256435394287;267.1937370300293
-7.439933158457279;0.89588463306427;-2.17319056391716;-63.21433782577515;-478.1491756439209;235.17967700958252
-10.003601387143135;-1.3465449213981628;1.8900521099567413;196.89505577087402;-476.8590259552002;214.2383050918579
-10.575202479958534;-1.6176849603652954;-0.39353147149086;107.28838920593262;-442.84878730773926;224.80290412902832
-7.328309118747711;-0.594019889831543;-2.472732961177826;29.408880472183228;-291.613826751709;375.67068099975586
-8.705420047044754;2.4760857224464417;-0.7018223404884338;139.23382759094238;-446.0640621185303;255.8924961090088
-6.341567449271679;1.953350007534027;0.8883140981197357;37.415932416915894;-537.1846389770508;-10.780706405639648
-9.351358003914356;0.2954944968223572;2.2701680660247803;83.1338882446289;-494.7754669189453;5.32644510269165
-6.563667766749859;-0.01620948314666748;-1.6614831984043121;33.25992465019226;-520.8964920043945;332.5027656555176
-7.875253446400166;-0.4541471600532532;-1.80315300822258;25.821844339370728;-511.75683975219727;209.34183597564697
-7.020321674644947;-0.5489185452461243;-1.554252952337265;141.93490505218506;-511.5725326538086;185.28698444366455
-7.901035062968731;-2.3173704743385315;-0.7599078118801117;0.0015467405319213867;-332.2177505493164;446.2951469421387
-8.486046642065048;-0.9248122572898865;0.8247211575508118;51.963157653808594;-466.6212558746338;185.238618850708
-7.697688415646553;-0.4615500569343567;1.234891265630722;131.8465518951416;-315.584135055542;348.89665603637695
-7.462362013757229;-0.0804707407951355;-0.4747934639453888;94.99869346618652;-562.679443359375;195.78898429870605
-8.84351022541523;-0.7141873240470886;0.48241540789604187;-20.089813470840454;-387.4522876739502;369.0579414367676
-5.9502046555280685;-0.8778244256973267;-0.3012120723724365;-85.02444505691528;-533.9088821411133;116.34912014007568
-6.095476448535919;-0.22457242012023926;-0.833883136510849;-15.98328709602356;-497.9930877685547;190.81011772155762
-8.318064361810684;1.7007708549499512;-1.8691420555114746;-22.063701152801514;-388.8625431060791;378.7375831604004
-7.173042185604572;-1.780901849269867;1.3707630336284637;-58.315136432647705;-534.1922950744629;173.7914800643921
-6.33328165858984;1.2452870607376099;0.10600313544273376;131.74066543579102;-460.4795837402344;329.2953872680664
-8.194500021636486;1.0465219616889954;-0.18442869186401367;103.46324443817139;-480.27088165283203;211.49725914001465
-7.633725553750992;1.7097294330596924;-1.1388547718524933;75.73753595352173;-525.761604309082;46.824384927749634
-9.236529283225536;0.2614438533782959;-2.1274209022521973;-12.227612435817719;-488.42777252197266;208.2244348526001
-7.269950956106186;-1.5269458293914795;-0.7154993712902069;94.79149103164673;-494.17579650878906;348.09104919433594
-10.07935144007206;-1.196327805519104;-1.9539311528205872;250.20621299743652;-420.2439022064209;228.59195709228516
-7.878346927464008;0.3447398543357849;0.7654465734958649;68.78293991088867;-370.05701065063477;315.89561462402344
-8.182894438505173;0.3748387098312378;2.7998417615890503;151.43783569335938;-510.10717391967773;32.838789224624634
-9.492501989006996;-1.6797825694084167;-1.1378444731235504;234.27464962005615;-407.74635314941406;259.9519729614258
-7.822603918612003;-0.4692837595939636;-2.7180232107639313;47.67927289009094;-489.3316841125488;326.8737602233887
-7.196246087551117;-1.7384782433509827;1.1216729879379272;153.798508644104;-452.90682792663574;328.7436103820801
-8.084265142679214;1.4772981405258179;1.8991649150848389;65.33695936203003;-552.0512580871582;48.602925539016724
-7.058818079531193;0.39158910512924194;2.370024472475052;111.40594482421875;-495.047607421875;-62.349371910095215
-7.467189431190491;-0.8715838193893433;-0.37330761551856995;16.496050357818604;-403.3242988586426;322.4783706665039
-8.37470032274723;-0.2690166234970093;-1.623295247554779;133.9989423751831;-375.6514549255371;317.60727882385254
-6.294512003660202;1.541617512702942;-0.5287192761898041;31.83012843132019;-364.1942310333252;328.80924224853516
-8.473636396229267;2.964314818382263;0.20828694105148315;87.16771602630615;-486.8170738220215;243.3595848083496
-8.390227518975735;-2.123446762561798;-1.6094662249088287;137.18716621398926;-479.5123100280762;133.57275009155273
-7.474854961037636;0.1672491431236267;0.2647116780281067;-12.11870402097702;-455.5331039428711;260.6144714355469
-8.69990810751915;-1.6348645091056824;-1.8755212426185608;29.29111361503601;-219.819917678833;434.16635513305664
-7.329661399126053;-0.08857548236846924;-1.498188078403473;10.854686200618744;-417.1307373046875;308.72314453125
-6.450173445045948;-1.5090107917785645;0.5808234214782715;12.361701428890228;-302.78517723083496;413.7271499633789
-7.793177850544453;1.9881829619407654;-1.466263085603714;187.50181674957275;-483.32130432128906;178.9803171157837
-9.751620143651962;-0.5343765020370483;-1.1184856295585632;-4.167627990245819;-457.5472068786621;222.69812107086182
-6.85026403516531;-0.514259934425354;1.0183364152908325;191.1855125427246;-446.6404724121094;205.72400093078613
-7.603676430881023;1.049467921257019;0.19749999046325684;120.62909603118896;-404.487247467041;305.0644111633301
-8.728810027241707;-2.8673306107521057;0.24073943495750427;116.40043258666992;-387.26818084716797;397.4868965148926
-6.695612333714962;1.3394147157669067;1.2440241873264313;58.935749530792236;-490.2151679992676;254.8227310180664
-8.875931985676289;0.786946713924408;-2.767934650182724;135.30499935150146;-456.94284439086914;251.17844581604004
-10.472647100687027;-1.3904884457588196;-0.8577190339565277;162.8093147277832;-440.866641998291;155.65455436706543
-7.761200331151485;-0.5541130900382996;0.47694146633148193;-83.740553855896;-449.5840358734131;365.5499267578125
-7.7732278034091;0.4270792007446289;0.40833503007888794;-22.16256022453308;-432.66523361206055;385.4669380187988
-8.290399052202702;-1.273798942565918;-1.1575497686862946;0.7840034365653992;-362.1936893463135;405.3911590576172
-9.578372910618782;-0.008337199687957764;-1.415850967168808;183.12040328979492;-433.53967666625977;208.45689296722412
-8.645588904619217;-2.696487307548523;-0.16755759716033936;-16.096826791763306;-472.02235221862793;292.09218978881836
-8.676823787391186;1.9251957535743713;-1.2351281940937042;44.007325172424316;-471.7779064178467;193.6629581451416
-7.219945639371872;0.044573843479156494;2.738526463508606;130.27114391326904;-534.0394592285156;12.606990337371826
-6.838597543537617;-1.1454015970230103;2.070716768503189;-16.427464485168457;-483.33566665649414;362.66687393188477
-8.534338138997555;-1.3576313853263855;-1.2005053460597992;190.18824577331543;-452.3788833618164;271.24720573425293
-10.319285094738007;-1.3753294944763184;1.313289999961853;62.56359100341797;-381.7468070983887;307.3887634277344
-9.995293244719505;-0.5713865160942078;0.7015205919742584;193.2559061050415;-413.89720916748047;323.44797134399414
-5.906023643910885;0.43060630559921265;-1.7090052366256714;212.6078224182129;-349.5651626586914;422.8034019470215
-7.121565006673336;1.623348891735077;2.1038085222244263;155.2179765701294;-544.9101448059082;175.4298448562622
-8.703525178134441;1.163528859615326;1.5167266130447388;101.08817338943481;-515.0431823730469;224.0458059310913
-10.374930873513222;0.23635178804397583;-0.9510062634944916;10.065342485904694;-497.2756004333496;313.971004486084
-8.009766228497028;0.24092495441436768;-1.9115433096885681;131.88799381256104;-522.3785018920898;144.08978462219238
-8.164663799107075;-0.13314038515090942;0.8863627910614014;-88.55247259140015;-528.4919929504395;197.9874086380005
-8.634974621236324;-0.6140336394309998;1.4172568917274475;119.9818468093872;-316.3886260986328;440.5938720703125
-10.380574688315392;0.31823068857192993;-2.064916491508484;134.5636224746704;-256.2041759490967;395.507755279541
-8.187581039965153;1.8724992871284485;-1.7526403069496155;171.94806575775146;-295.52796363830566;365.6045722961426
-5.67870419472456;0.4023537039756775;0.9927280247211456;192.17904567718506;-428.68927001953125;230.58483123779297
-7.2259677574038506;0.11124908924102783;-0.005375593900680542;158.63074779510498;-301.5566825866699;347.9725456237793
-8.92747063189745;0.3920361399650574;-0.29360130429267883;184.62864875793457;-439.6368885040283;177.2854471206665
-10.280575230717659;1.766882836818695;-0.7444940507411957;-97.72260189056396;-521.0643768310547;139.99427318572998
-6.332756392657757;-0.7183670997619629;-1.7157398164272308;154.83753204345703;-507.5532531738281;157.2664976119995
-8.240503817796707;2.500636875629425;1.6307942569255829;-28.9333176612854;-552.0470809936523;-2.371959686279297
-9.873764589428902;-0.07152557373046875;-2.245563268661499;-8.577963709831238;-538.3517646789551;16.80530548095703
-9.233184345066547;-0.044730305671691895;-0.19665062427520752;60.70565700531006;-388.7009525299072;297.2410583496094
-7.431483641266823;-1.0992050170898438;-2.4768657982349396;64.49342966079712;-410.0020694732666;412.5070381164551
-6.660267524421215;-1.66730135679245;-0.35176724195480347;25.13949751853943;-477.200345993042;231.21997833251953
-6.367669254541397;0.03732740879058838;-2.226293832063675;12.230723798274994;-406.4200973510742;364.178466796875
-9.601796418428421;-0.7404819130897522;1.7149731516838074;206.28107070922852;-336.09166145324707;259.149169921875
-7.30307511985302;-1.940976083278656;-0.9802915155887604;-118.01862001419067;-413.19714546203613;319.0210819244385
-10.65581738948822;-0.8141800761222839;-0.40054991841316223;231.3853883743286;-355.93048095703125;240.39522171020508
-7.67589770257473;-1.6047120094299316;1.519862562417984;54.406843185424805;-408.2427406311035;368.8938331604004
-10.590597242116928;0.8809894323348999;0.935257226228714;-7.692732810974121;-443.32520484924316;257.7179145812988
-10.167302191257477;-1.4872491359710693;-0.19039884209632874;180.88932037353516;-424.2873287200928;264.739351272583
-8.105555176734924;-1.8973946571350098;1.05062797665596;97.10625171661377;-462.4177551269531;182.77891159057617
-8.232606947422028;1.2256532907485962;-0.8616328239440918;-11.953082978725433;-530.6416511535645;201.5907096862793
-7.527682743966579;1.512761414051056;2.403601258993149;121.73734188079834;-534.2232513427734;163.12814712524414
-9.111161716282368;0.28998255729675293;2.5332726538181305;24.590095281600952;-485.1862335205078;281.08205795288086
-8.731799572706223;-1.5986502170562744;-1.0188080370426178;8.550815284252167;-347.92505264282227;386.4499855041504
-8.865820057690144;1.999993622303009;-1.6933456063270569;187.9608964920044;-408.9225196838379;265.76648712158203
-7.821881957352161;0.27274489402770996;-1.4437280595302582;194.94545459747314;-377.2898769378662;337.25549697875977
-6.686567701399326;-0.5685657262802124;1.0685518383979797;-16.073355674743652;-539.333667755127;-17.24198341369629
-9.82702150940895;-1.361297070980072;0.7140263915061951;198.6441993713379;-486.62315368652344;4.412140846252441
-6.913723982870579;1.6520842909812927;1.1094242334365845;217.03094959259033;-351.14012718200684;334.8366165161133
-9.14717148989439;-0.2270132303237915;0.9327985346317291;-52.49392032623291;-527.2236442565918;-16.143951416015625
-9.937727451324463;2.4522364139556885;0.11005774140357971;-31.789122819900513;-386.2990379333496;374.2280387878418
-8.435562998056412;-1.783570647239685;-1.082117110490799;0.2100008726119995;-427.72799491882324;335.9977912902832
-8.372489176690578;0.13797283172607422;-2.9615990817546844;79.36087131500244;-492.69704818725586;168.40550422668457
-7.66040962189436;-0.9683936834335327;-0.9896010160446167;212.48817443847656;-372.0263957977295;351.2189483642578
-6.650808267295361;-0.6127864122390747;0.9664490818977356;190.75627326965332;-391.26949310302734;236.46044254302979
-7.234175875782967;-0.6600826978683472;-1.8851079046726227;172.6379156112671;-372.3445415496826;267.9249572753906
-10.520563647150993;-1.8447384238243103;0.42654499411582947;261.15142822265625;-453.645715713501;1.786794662475586
-9.664399176836014;-1.0449841618537903;-2.20697745680809;-14.54249918460846;-338.20472717285156;353.55966567993164
-7.359002530574799;-1.3504251837730408;0.7728494703769684;10.013209283351898;-526.3865089416504;211.01946830749512
-5.731680057942867;0.7772594690322876;1.241350919008255;115.51300048828125;-443.34171295166016;228.66764545440674
-7.208456844091415;-0.8867159485816956;0.8273497223854065;56.796019077301025;-320.848388671875;378.3343505859375
-9.385554492473602;-1.1409759521484375;0.6740011274814606;-13.396787345409393;-504.8536491394043;193.50318431854248
-10.155155137181282;1.103702187538147;0.6039083003997803;-25.679980516433716;-488.82911682128906;97.32898235321045
-7.376275956630707;1.5491500496864319;-0.23709163069725037;229.47691440582275;-390.33084869384766;313.25117111206055
-7.097193785011768;-1.0936841368675232;0.79340860247612;147.342267036438;-411.2368583679199;334.8097229003906
-9.742777794599533;1.5860304236412048;-1.4979735016822815;26.119637489318848;-482.9410171508789;316.9937324523926
-8.975590020418167;0.43716877698898315;-0.3886699676513672;70.04928588867188;-330.82194328308105;377.49755859375
-6.691893003880978;0.7740989327430725;0.748908519744873;2.4138084053993225;-498.8491630554199;330.2881050109863
-8.101461455225945;-1.5452831983566284;-2.4912022054195404;63.37027072906494;-442.1953296661377;360.71617126464844
-7.98964686691761;-2.5460422039031982;-0.6522908806800842;102.88355827331543;-500.71449279785156;261.8492889404297
-6.004568561911583;1.7620638012886047;-0.2951033413410187;-1.2165400385856628;-354.79259490966797;378.8957977294922
-10.50015315413475;-0.0317305326461792;-0.008726119995117188;76.73021793365479;-538.2635879516602;108.9832091331482
-11.130820959806442;0.23203343152999878;0.8674599230289459;47.8689980506897;-475.6432628631592;191.48155689239502
-6.3955653458833694;1.4138191938400269;1.6149580478668213;124.64664459228516;-454.5433044433594;282.0758056640625
-9.312640875577927;-0.7840633392333984;1.34567990899086;147.29846477508545;-506.9413948059082;77.3155689239502
-10.130316764116287;-0.1284465193748474;-1.3806872069835663;240.41464805603027;-429.7602939605713;229.86056327819824
-9.693139046430588;-0.41788816452026367;-1.1472813785076141;56.58493995666504;-393.53779792785645;273.7118339538574
-7.277125865221024;-2.8055235743522644;-0.0566728413105011;19.661024808883667;-441.4138126373291;269.296875
-6.0457393527030945;-0.06549954414367676;0.41348934173583984;142.52752304077148;-446.22124671936035;218.56616020202637
-7.19892717897892;-1.5746533870697021;1.8859706819057465;94.86250877380371;-426.02465629577637;339.0367126464844
-9.468086063861847;-0.15745460987091064;2.2261306643486023;83.08565139770508;-481.22108459472656;28.002662658691406
-8.561176992952824;-0.36981403827667236;-1.5131168067455292;160.35388469696045;-279.93810653686523;348.467960357666
-9.783734008669853;-0.6376773118972778;0.5265332758426666;183.23060989379883;-328.4757614135742;347.45121002197266
-6.202231720089912;-0.5295529961585999;-0.6495103240013123;228.40999603271484;-403.222017288208;251.5026569366455
-9.18957106769085;-0.639103353023529;1.9845977425575256;240.97071647644043;-440.05748748779297;75.5706524848938
-8.478143624961376;-0.12379735708236694;-1.5219099819660187;46.811370849609375;-488.66146087646484;200.15381813049316
-6.817127019166946;2.311277389526367;0.7796198129653931;140.0255298614502;-513.7267112731934;144.2063570022583
-7.188754342496395;1.30092054605484;-1.654786616563797;-15.37703275680542;-450.96219062805176;376.812744140625
-7.916200719773769;1.3767644762992859;2.168957144021988;231.52766704559326;-416.79073333740234;211.18736743927002
-5.80973457545042;0.00508725643157959;-1.301874965429306;-127.48353481292725;-495.3449249267578;197.9600715637207
-8.31959042698145;-0.9459346532821655;2.429647743701935;25.235252380371094;-563.8720893859863;135.2658462524414
-6.229648366570473;-0.8622497320175171;0.5457043647766113;41.64480686187744;-363.89307975769043;399.279842376709
-8.257020637392998;-0.29682666063308716;1.0857202112674713;174.66547966003418;-423.30379486083984;327.2119903564453
-9.160689264535904;2.478651702404022;1.0311439633369446;180.3938913345337;-430.5351734161377;281.3914489746094
-7.088058069348335;-0.1932889223098755;1.338174194097519;131.71144008636475;-412.53642082214355;293.7787055969238
-6.430592201650143;-1.71012282371521;-0.44943541288375854;79.68864440917969;-493.0056381225586;138.93536567687988
-8.227977901697159;-0.6866142153739929;-2.7099542319774628;-59.89281892776489;-466.69833183288574;217.3082399368286
-8.054674230515957;-1.8510326743125916;-0.7806569337844849;73.84806632995605;-396.11231803894043;298.62805366516113
-6.452401913702488;-1.0747924447059631;0.5654387176036835;57.978365421295166;-433.1535530090332;304.95128631591797
-7.8331779688596725;2.6577964425086975;-0.6318032741546631;-8.687928915023804;-519.8739051818848;211.02354526519775
-9.529686346650124;0.4067927598953247;1.3360261917114258;252.4412441253662;-423.52429389953613;232.40880489349365
-10.607390105724335;-1.1286690831184387;1.2437894940376282;99.38006401062012;-530.4136848449707;205.9164047241211
-9.744909033179283;1.6514718532562256;0.12316703796386719;-41.15645170211792;-435.2750587463379;274.9558353424072
-9.864329919219017;1.3418331742286682;0.11840611696243286;53.64596128463745;-373.44632148742676;363.7947463989258
-9.253060631453991;1.6503095626831055;-0.7908046245574951;-18.641120195388794;-339.75311279296875;371.94202423095703
-7.1315668523311615;-0.29471665620803833;-2.50263512134552;40.372281074523926;-445.1920509338379;297.39818572998047
-7.222962006926537;-1.9352138042449951;0.21402686834335327;51.821866035461426;-545.2781295776367;140.69538116455078
-10.020922869443893;-0.091552734375;-1.9424043595790863;-59.26949858665466;-374.9707889556885;346.51880264282227
-7.186819240450859;-1.2949123978614807;2.455296367406845;129.808988571167;-490.6112480163574;144.20187950134277
-9.378209710121155;-0.688384473323822;1.8602058291435242;86.95929050445557;-499.1268539428711;243.5153102874756
-8.736091665923595;-0.38585811853408813;0.45762956142425537;233.26342105865479;-407.20693588256836;258.9463520050049
-6.615801528096199;1.7997175455093384;0.33735930919647217;9.760006964206696;-523.9696884155273;11.322054862976074
-9.569427743554115;0.6621614098548889;-0.7494494318962097;-9.99025583267212;-501.1315727233887;160.32594680786133
-8.69540087878704;-0.5757585167884827;1.5321113169193268;14.42482978105545;-492.5510787963867;124.58703517913818
-6.240687891840935;-0.8887320756912231;-1.857972890138626;114.52696323394775;-512.5870513916016;193.79015922546387
-5.8315979316830635;-0.16228705644607544;0.06559789180755615;168.86794567108154;-361.2270927429199;327.43824005126953
-9.024603478610516;0.17309188842773438;-0.731261819601059;123.88840198516846;-385.47569274902344;387.44951248168945
-10.033473372459412;1.000477373600006;0.4385903477668762;120.28704643249512;-507.51216888427734;30.49454927444458
-6.789285130798817;-0.5543902516365051;-0.15004947781562805;-93.4053897857666;-417.4840450286865;359.71458435058594
-9.062978066504002;1.5443220734596252;-1.1584505438804626;142.68765449523926;-500.3251075744629;65.08948802947998
-6.958048045635223;-0.6466984748840332;-1.9933529198169708;173.13111305236816;-331.02770805358887;368.8187599182129
-8.598056249320507;1.399831473827362;0.43918266892433167;257.99803733825684;-436.5044116973877;165.03129959106445
-6.303202919661999;0.24174749851226807;1.9350506365299225;-103.99897813796997;-545.1456069946289;-11.156272888183594
-9.81624685227871;-2.102842926979065;0.132693350315094;134.39486503601074;-516.3075256347656;116.56811714172363
-7.337375544011593;1.074528694152832;-2.412383258342743;130.62555313110352;-491.80458068847656;185.88807106018066
-10.540487989783287;1.2025058269500732;0.3056466579437256;-13.918619155883789;-483.24148178100586;239.42806720733643
-10.507807508111;0.3064289689064026;-0.42261332273483276;48.10305118560791;-464.0907955169678;190.58887481689453
-9.401363879442215;-1.2351930141448975;-0.2518951892852783;72.43468523025513;-487.9078674316406;69.37120199203491
-9.660184755921364;-0.3520846366882324;-1.8936797976493835;126.58877849578857;-447.2584819793701;160.38848876953125
-7.109654881060123;-0.4917025566101074;-1.4005176723003387;-72.33419895172119;-477.06029891967773;211.39134407043457
-9.841160103678703;-2.073696255683899;0.6311796605587006;120.8232307434082;-385.3076648712158;404.61999893188477
-8.09134617447853;-2.044433355331421;-0.20987838506698608;176.36162281036377;-422.0646286010742;315.22501945495605
-9.73384603857994;0.164853036403656;-1.4361776411533356;6.560142338275909;-344.9721622467041;354.0759086608887
-7.5569914653897285;0.4203379154205322;1.537797600030899;250.8937168121338;-387.1253299713135;224.13162231445312
-6.626769527792931;-0.5267545580863953;2.0474910736083984;11.954359710216522;-454.9562072753906;394.5150947570801
-7.332652620971203;0.17846077680587769;-1.5766672790050507;125.34353256225586;-426.2364864349365;303.7599277496338
-7.604309543967247;2.2883981466293335;-1.7216786742210388;-138.92114639282227;-392.1195316314697;408.71349334716797
-9.453347325325012;-0.32593756914138794;2.045600116252899;151.043701171875;-524.6433448791504;152.65138149261475
-8.679911121726036;2.3133382201194763;1.5979483723640442;188.81070613861084;-475.5024719238281;111.69174671173096
-8.236815221607685;-0.5039915442466736;-1.5001147985458374;-69.17744636535645;-526.0392379760742;57.921305894851685
-7.777965255081654;0.9211510419845581;2.786743640899658;-59.14317727088928;-468.3532905578613;213.00616264343262
-8.522815257310867;0.13104379177093506;0.30084773898124695;19.597359895706177;-452.06525802612305;308.25757026672363
-11.039233580231667;-0.49842149019241333;0.8979454636573792;33.20866584777832;-414.56417083740234;221.22920036315918
-6.9477589800953865;2.0941972732543945;0.07298067212104797;-26.837189197540283;-509.22889709472656;303.60998153686523
-8.338969945907593;-2.339315414428711;-0.7805809378623962;-15.508171319961548;-505.91320037841797;191.04183197021484
-6.016777083277702;-1.3490483164787292;0.6608046591281891;91.37269020080566;-510.44443130493164;268.25703620910645
-6.5869443118572235;1.3919636607170105;0.16642659902572632;98.53543281555176;-470.5575942993164;296.05639457702637
-7.180280797183514;-0.3492593765258789;-0.5189582705497742;45.753639936447144;-541.0284233093262;131.07318878173828
-7.185517251491547;-0.1738518476486206;-1.4539986848831177;210.13635635375977;-495.9646224975586;142.84667015075684
-6.7010365426540375;-0.1479998230934143;-1.4230214059352875;124.14286136627197;-413.6236381530762;363.5188865661621
-8.188231475651264;-1.7822608351707458;1.20391845703125;-3.974369466304779;-338.64684104919434;478.84998321533203
-9.237823449075222;0.27939677238464355;0.473814457654953;83.09648036956787;-360.4357051849365;272.23880767822266
-7.617960870265961;0.8859112858772278;0.19156336784362793;-4.458886831998825;-379.2120838165283;383.8004493713379
-10.254203528165817;0.7679566740989685;0.6184838712215424;48.9155638217926;-485.4727363586426;173.24267864227295
-7.810844108462334;-1.2177139520645142;-2.0231835544109344;-57.50804543495178;-455.192928314209;303.43271255493164
-10.173104703426361;-2.1305903792381287;-0.14260858297348022;179.8692512512207;-367.88578033447266;213.372802734375
-7.8551966696977615;-2.37063467502594;0.39118900895118713;166.88238143920898;-508.77119064331055;147.42573738098145
-8.943912014365196;-1.4127999544143677;-0.38703829050064087;4.4076016545295715;-295.38010597229004;382.90197372436523
-9.430314972996712;-0.9429529309272766;0.3890790045261383;3.868984580039978;-524.9181747436523;249.8459529876709
-9.722400829195976;1.001688838005066;2.3081928491592407;208.2590389251709;-410.41603088378906;201.9906520843506
-6.918760389089584;0.9891495108604431;-2.2151783108711243;62.88748741149902;-523.0141067504883;129.25522327423096
-9.947068244218826;1.651078462600708;1.2608148157596588;142.01687335968018;-306.5431022644043;312.3765277862549
-7.68571849912405;0.3452986478805542;-2.0575203001499176;-66.55646324157715;-455.2775573730469;264.0802001953125
-9.559064358472824;-1.4585718512535095;-0.40147751569747925;182.8003978729248;-496.57779693603516;183.2383918762207
-7.817774824798107;2.4114489555358887;0.2075403928756714;-60.23250102996826;-514.3901824951172;92.22442388534546
-7.289879769086838;-2.278129756450653;0.4973664879798889;94.1227912902832;-419.1224956512451;436.8647575378418
-9.875740483403206;1.9336894154548645;-1.0781608521938324;67.14748620986938;-521.5785598754883;135.0569772720337
-10.737458243966103;0.17789751291275024;1.5303030610084534;84.30057048797607;-489.7320556640625;-2.673032283782959
-8.75606294721365;1.6056641936302185;-0.8081227540969849;88.21417093276978;-495.6724548339844;168.2319688796997
-11.141011118888855;0.7864460349082947;0.38964003324508667;142.48176097869873;-314.7351837158203;387.8925132751465
-6.651163659989834;1.8229678273200989;0.44211745262145996;49.13326978683472;-484.25920486450195;202.418532371521
-6.194894202053547;-0.20606070756912231;0.9612567722797394;0.9228327870368958;-499.8807907104492;293.2503032684326
-8.48112367093563;0.33045709133148193;0.08189231157302856;73.72182369232178;-449.917573928833;340.4438781738281
-6.702548079192638;0.8159860968589783;-1.6295760869979858;84.80432510375977;-477.9379463195801;299.73621368408203
-8.063114248216152;-1.2422919273376465;2.2640593349933624;66.66667699813843;-454.37015533447266;338.49512100219727
-7.711833156645298;0.9747415781021118;2.338620275259018;202.48528003692627;-415.5691909790039;189.11630630493164
-9.193610027432442;-0.9220853447914124;-1.158374547958374;112.27463722229004;-536.085262298584;200.4061460494995
-9.843529388308525;-1.2446120381355286;-2.111772447824478;146.7591905593872;-453.6268901824951;107.06173181533813
-7.569596171379089;-0.9099259972572327;0.5906358361244202;156.65525436401367;-503.9405822753906;118.33353996276855
-11.013790592551231;0.182206928730011;-0.013925135135650635;73.50670337677002;-466.5010356903076;63.141024112701416
-9.796269983053207;-0.6609901785850525;-0.9382255375385284;219.4678831100464;-408.1625747680664;125.4673433303833
-9.378066658973694;-1.37062668800354;-0.8803211152553558;24.1341233253479;-350.8685874938965;386.94894790649414
-7.759498804807663;-0.029446184635162354;-0.6073303520679474;86.36202335357666;-337.1960735321045;372.23155975341797
-9.439527243375778;1.8396109342575073;1.68042853474617;-0.0725296139717102;-476.5031433105469;211.92259311676025
-9.342388808727264;1.0745689272880554;-0.4666149616241455;147.4380397796631;-406.2345600128174;328.1865692138672
-11.006011068820953;0.9341374039649963;-0.2756193280220032;155.0179624557495;-480.28564453125;217.06908702850342
-8.564992435276508;-2.0552247762680054;1.2827329337596893;166.20346069335938;-316.9186305999756;414.23412322998047
-8.38746428489685;1.243753731250763;-0.30536502599716187;156.68429374694824;-272.41278648376465;376.5332221984863
-8.60404260456562;1.265457272529602;2.2559858858585358;98.01165103912354;-498.4955406188965;-49.7189998626709
-7.756751775741577;-1.94845050573349;1.021362841129303;149.7850513458252;-512.263240814209;96.30756139755249
-8.499126322567463;1.2632936239242554;-0.490473210811615;150.39549350738525;-468.2179927825928;140.9687089920044
-8.434900268912315;1.2716129422187805;-0.6003320217132568;80.22926330566406;-492.01515197753906;282.7965545654297
-9.329783543944359;0.7488682866096497;-0.6512939929962158;159.96764659881592;-508.62281799316406;103.46434593200684
-7.9658713191747665;-0.6813839077949524;-0.5887024104595184;83.3287525177002;-378.85411262512207;396.6946792602539
-9.751623496413231;-2.2049009799957275;-1.131315529346466;312.7193069458008;-364.0835380554199;176.91292762756348
-8.035086281597614;1.1210650205612183;1.98964923620224;139.83990669250488;-506.6817855834961;109.26498413085938
-7.716887444257736;1.2152284383773804;2.662622183561325;63.229966163635254;-519.3206405639648;145.09905338287354
-8.465336635708809;-1.909857988357544;-2.1648533642292023;28.62575054168701;-459.1782760620117;304.0909767150879
-8.70418455451727;-0.1985102891921997;2.0952701568603516;152.2497797012329;-526.2472343444824;-37.49824047088623
-7.4555860832333565;0.4728779196739197;-2.374407649040222;189.15761947631836;-481.14240646362305;185.0652551651001
-9.939370304346085;-0.5380555987358093;-0.6165862083435059;194.4481658935547;-470.8827495574951;130.6662940979004
-9.912265464663506;1.5621185302734375;-0.7247261703014374;97.81325340270996;-484.47933197021484;285.2053642272949
-9.616703912615776;1.369611918926239;-0.002863258123397827;48.12222361564636;-268.73127937316895;386.3053894042969
-9.17649082839489;2.7861088514328003;-0.44856593012809753;52.29115962982178;-407.695255279541;393.7653350830078
-10.685131698846817;0.23671835660934448;-1.2105926871299744;14.884317219257355;-457.4292755126953;308.19190979003906
-8.728301525115967;-1.1934444308280945;-0.3179803490638733;37.64720320701599;-293.8352680206299;414.9026870727539
-7.585600018501282;-0.9747058153152466;-1.0765649378299713;12.807493507862091;-475.75572967529297;184.59978103637695
-6.6449180245399475;-1.6000047326087952;0.2837352454662323;87.54708051681519;-461.632604598999;324.8639488220215
-9.251183085143566;-1.084667444229126;-1.5081748366355896;130.37668704986572;-424.61774826049805;266.52957916259766
-8.807787671685219;2.1545782685279846;1.0494232177734375;-9.436428844928741;-445.55474281311035;322.55104064941406
-10.009628534317017;-0.15712380409240723;-1.7344281077384949;-44.41404461860657;-408.07093620300293;422.8063201904297
-10.021131858229637;0.6533324718475342;1.1980623006820679;98.6460542678833;-458.03821563720703;285.450496673584
-6.890037842094898;0.15483051538467407;1.1828318238258362;169.98022556304932;-476.3608932495117;281.6524887084961
-7.084627076983452;-0.4029393196105957;1.72530859708786;74.87106800079346;-519.5486640930176;122.92725563049316
-6.274605542421341;0.7989495992660522;-0.042622536420822144;104.17644023895264;-458.49769592285156;204.57761764526367
-9.579387679696083;1.5401557087898254;1.3906113803386688;104.9483585357666;-414.60076332092285;248.75673294067383
-5.569709278643131;-0.11458843946456909;-1.2257158756256104;158.29025745391846;-395.98119735717773;285.24255752563477
-6.634552963078022;0.6441637873649597;-1.664230227470398;-36.172767877578735;-539.2518997192383;37.083256244659424
-7.6001085340976715;0.5837783217430115;-1.3901889324188232;253.17243576049805;-326.76066398620605;338.5543441772461
-8.892016857862473;0.6125584244728088;-2.579645812511444;-2.4284112453460693;-338.6943054199219;357.6375961303711
-7.309692911803722;-1.9313782453536987;1.1096924543380737;252.43609428405762;-465.43155670166016;52.578163146972656
-8.217806741595268;1.6178682446479797;-2.4736694991588593;70.67278861999512;-407.6249599456787;264.03279304504395
-7.832442037761211;-0.35367608070373535;2.0045287907123566;18.126600980758667;-416.9212818145752;380.2562141418457
-6.850950792431831;0.14145076274871826;-0.5369581282138824;42.63410568237305;-469.506254196167;304.90161895751953
-7.549169473350048;1.338498294353485;-0.933925062417984;70.65190315246582;-515.928840637207;141.4024257659912
-10.879656672477722;-0.9128540754318237;0.16763582825660706;239.45464611053467;-450.39530754089355;35.63549995422363
-7.389557361602783;-0.20570307970046997;-0.9687423706054688;7.1225497126579285;-487.23758697509766;275.44212341308594
-8.457100577652454;-2.4941056966781616;-0.7393844425678253;262.038516998291;-320.5638027191162;286.4362335205078
-7.6446812599897385;1.8509343266487122;-1.1221110820770264;206.00971698760986;-428.85666847229004;168.34613800048828
-8.05393997579813;2.4672389030456543;0.17694532871246338;111.92338943481445;-528.1139373779297;174.07093048095703
-9.787780791521072;0.4510626196861267;-1.9173189997673035;-20.082398056983948;-438.8643550872803;290.94858169555664
-9.087937697768211;-0.9932398796081543;-1.27493217587471;73.66664171218872;-236.59021854400635;443.4174156188965
-7.9746415838599205;2.362963557243347;1.3555727899074554;155.63425540924072;-318.10312271118164;353.97045135498047
-9.46706235408783;0.41526854038238525;-2.1019622683525085;210.8891201019287;-453.8551425933838;113.66150379180908
-7.375491410493851;-0.026527047157287598;-0.6285019218921661;286.61218643188477;-382.66496658325195;308.57171058654785
-6.488574855029583;0.7752880454063416;1.1353746056556702;-41.66040301322937;-513.9914703369141;130.70910930633545
-8.639678545296192;-0.027492642402648926;-2.047126740217209;32.667109966278076;-534.3704795837402;177.84273147583008
-8.190687373280525;2.1514669060707092;1.2432843446731567;-111.09305620193481;-433.747615814209;277.97035217285156
-8.183086104691029;0.4879608750343323;1.322644203901291;-17.714386582374573;-447.33447074890137;334.3743324279785
-8.294281549751759;0.006057322025299072;-0.1913018524646759;204.98584270477295;-512.735538482666;182.19354629516602
-9.540729224681854;-1.6529425978660583;-1.9852235913276672;16.119489669799805;-303.0385494232178;467.4546432495117
-7.248683832585812;-0.3740072250366211;-0.10476037859916687;-10.174714028835297;-529.2368316650391;152.8388786315918
-8.20125862956047;-2.536064386367798;1.5995219349861145;-60.089614391326904;-478.0227470397949;332.7963638305664
-9.372825175523758;-1.2032076716423035;0.5123287439346313;65.55473327636719;-520.5295372009277;3.9365315437316895
-8.415036834776402;0.5299106240272522;1.7125949263572693;194.38210487365723;-391.28039360046387;331.300106048584
-9.252211265265942;-1.2563645839691162;0.13020113110542297;-8.075556457042694;-556.0261344909668;132.8949737548828
-9.017510712146759;0.7982566952705383;-1.734602451324463;119.8073673248291;-526.5796279907227;-1.3311481475830078
-7.174093276262283;1.7595112323760986;-1.5341319143772125;-37.97373175621033;-386.70684814453125;337.64087677001953
-8.976904302835464;-1.0776355862617493;1.1655248701572418;111.03767395019531;-478.3700466156006;136.90465450286865
-9.504224359989166;-0.19972622394561768;0.10891556739807129;195.7930040359497;-490.41595458984375;203.53662014007568
-8.433270826935768;-0.07892400026321411;-1.2929454445838928;40.110379457473755;-507.21691131591797;152.93357849121094
-8.961907401680946;1.4468327164649963;-2.110375463962555;2.046356499195099;-518.2403182983398;49.636985063552856
-9.239499270915985;0.4993557929992676;-2.1539703011512756;182.56715297698975;-396.0046577453613;213.98725032806396
-8.451618254184723;-2.2319868206977844;1.1149205267429352;290.6763553619385;-460.6161117553711;131.59435272216797
-6.323559768497944;0.3167286515235901;-0.09234622120857239;175.02821445465088;-515.449161529541;213.6113977432251
-10.776899009943008;-0.17841607332229614;1.672866940498352;129.21921730041504;-486.03904724121094;-48.698601722717285
-6.849411875009537;-1.8324002623558044;-1.5754379332065582;140.44874668121338;-501.91234588623047;102.98867225646973
-10.610567405819893;0.42614489793777466;0.540684163570404;67.69428491592407;-479.71601486206055;182.72834300994873
-7.85483680665493;2.100639045238495;2.0311832427978516;190.67238807678223;-490.4197311401367;115.93878507614136
-10.186540335416794;0.7106736302375793;1.7872385680675507;47.62187361717224;-539.8003578186035;104.01940584182739
-6.965301185846329;-1.305726170539856;1.0084077715873718;56.1304235458374;-558.5288429260254;108.21046829223633
-7.777248881757259;-1.9825369119644165;0.30835792422294617;33.64851236343384;-424.26246643066406;298.24756622314453
-5.955805443227291;0.1373291015625;1.5872865915298462;-71.06297492980957;-515.734920501709;252.84424781799316
-8.367517590522766;0.07805675268173218;-0.16535595059394836;122.13515281677246;-375.44403076171875;427.08154678344727
-6.588387116789818;-0.5166381597518921;-1.8179744482040405;144.14219856262207;-314.8426151275635;357.8217887878418
-10.02114973962307;-0.19683390855789185;-2.255123108625412;-24.008930325508118;-435.6369209289551;272.81742095947266
-10.911606252193451;-1.437118649482727;0.29217302799224854;137.2140598297119;-328.2027339935303;373.31851959228516
-10.0544985383749;-1.5280500054359436;0.8806765079498291;81.4076042175293;-526.9192314147949;201.96557521820068
-9.380502998828888;2.452102303504944;0.7403522729873657;128.92826557159424;-401.62960052490234;243.87794494628906
-8.490420877933502;1.377895474433899;-1.0239645838737488;-65.94717264175415;-470.5840301513672;363.11010360717773
-5.7990023866295815;0.2378225326538086;0.4187643527984619;39.54362869262695;-501.3091278076172;368.1309700012207
-7.4611494317650795;-1.3917535543441772;1.9406139850616455;133.3022117614746;-459.1030025482178;203.51323127746582
-8.507284708321095;1.9416823983192444;1.2254811823368073;48.24348449707031;-547.8240966796875;-17.880027294158936
-7.966097630560398;0.258694589138031;-2.1858438849449158;131.37548446655273;-390.7667827606201;371.24141693115234
-9.370758756995201;-0.14923810958862305;2.682354301214218;165.5374002456665;-482.2859573364258;-73.64530563354492
-7.776246406137943;-0.17330199480056763;-0.899331271648407;266.10405921936035;-477.2347354888916;187.7759885787964
-9.289493411779404;0.9326130151748657;0.42491331696510315;179.71063613891602;-406.83606147766113;293.4269142150879
-10.731364041566849;0.3097414970397949;-1.4294542372226715;166.67438507080078;-411.86267852783203;149.23845291137695
-10.714487358927727;1.1055082082748413;-0.3378644585609436;83.36568832397461;-557.6473045349121;103.90808343887329
-9.849312901496887;-1.7276376485824585;0.239601731300354;74.48593854904175;-357.866907119751;316.02147102355957
-9.309438429772854;1.7070740461349487;-1.992662250995636;-43.80904197692871;-357.42711067199707;338.2583427429199
-10.375941172242165;-0.11230409145355225;-1.0738939046859741;-41.906622648239136;-371.2983798980713;391.8388366699219
-6.2254395335912704;0.2127036452293396;0.5871713161468506;-121.78842544555664;-536.8204879760742;192.32620239257812
-10.464668646454811;-0.8167237043380737;1.3509951531887054;195.12537002563477;-295.704402923584;302.05604553222656
-6.243300251662731;-1.4115303754806519;-1.5722103416919708;143.52217197418213;-460.4377555847168;321.7976188659668
-10.250571370124817;-0.8259594440460205;-0.6408490240573883;213.56067180633545;-457.58594512939453;55.512986183166504
-10.447139292955399;-0.5355075001716614;-1.7651282250881195;22.378374338150024;-301.58549308776855;343.98433685302734
-6.012275442481041;0.347059965133667;0.1059606671333313;183.03747653961182;-513.900203704834;147.25979804992676
-6.6231295466423035;-1.5431061387062073;-1.1448517441749573;-39.27765369415283;-453.1566524505615;244.23030853271484
-7.123581133782864;1.5428423881530762;1.82662233710289;145.19190788269043;-533.3242034912109;-37.0631217956543
-9.58021692931652;-0.24696886539459229;-0.30042752623558044;-17.763959169387817;-505.1093101501465;151.5010929107666
-9.095988795161247;-1.2967407703399658;2.5140613317489624;169.48562622070312;-460.2164840698242;81.25537633895874
-8.415510691702366;1.9317492842674255;-1.2696236371994019;104.42044973373413;-499.7508430480957;303.5959053039551
-10.769681632518768;-1.1926308274269104;0.05726069211959839;257.84603118896484;-453.7364959716797;-11.461780071258545
-8.565879240632057;-0.09722113609313965;0.32288655638694763;21.034269332885742;-495.2962303161621;195.89335441589355
-7.579803094267845;-2.0977020263671875;-2.000742405653;-96.38339281082153;-451.9578552246094;304.01784896850586
-7.477420940995216;1.1371895670890808;-1.0580800473690033;-13.746044933795929;-368.3928394317627;428.1085968017578
-7.187783718109131;1.5582695603370667;-1.1823691427707672;144.255051612854;-433.2158946990967;242.2528839111328
-6.715847924351692;0.6054013967514038;1.6114935278892517;15.459895133972168;-451.09116554260254;292.2993850708008
-7.559242844581604;-2.060249447822571;-0.5655214190483093;7.188954055309296;-549.7131156921387;150.3032684326172
-6.869668699800968;-0.22225230932235718;-0.9105697274208069;154.92396354675293;-440.54125785827637;277.37271308898926
-7.542769610881805;-1.5541613101959229;-0.3143884241580963;242.43450164794922;-450.38243293762207;132.67301559448242
-8.065396919846535;-0.9703159332275391;1.856522262096405;-120.28417110443115;-453.8880729675293;282.24769592285156
-8.962958492338657;-0.7271021604537964;0.20675361156463623;139.0296220779419;-516.4439392089844;150.0521993637085
-8.589796163141727;0.8026331663131714;0.9304672479629517;13.689493238925934;-485.3155517578125;297.6807403564453
-7.888527028262615;1.9066393375396729;0.7804311811923981;-12.188063263893127;-506.3839530944824;108.06946277618408
-10.187431052327156;0.6152629852294922;-1.4374315738677979;57.25608587265015;-511.2755012512207;132.2356081008911
-10.629972070455551;1.2749701738357544;-1.1328689754009247;-3.4151306748390198;-517.5643730163574;52.75109052658081
-10.426118597388268;0.19614100456237793;1.1209890246391296;-7.645483016967773;-436.94403648376465;349.3840026855469
-5.786100402474403;-1.519744098186493;0.011848658323287964;59.93837356567383;-576.3140487670898;211.9994831085205
-7.736523449420929;2.7602389454841614;-0.3924921154975891;192.5584602355957;-448.742036819458;244.59938049316406
-8.33427608013153;1.847599446773529;-1.2743443250656128;9.23213392496109;-535.125846862793;150.4072380065918
-7.5325364246964455;-0.39638131856918335;-0.7366128265857697;151.66319847106934;-456.5525436401367;192.98389434814453
-8.230101317167282;-0.2063557505607605;-2.0756520330905914;-0.003603994846343994;-505.6490707397461;223.39734077453613
-8.95437654107809;-0.812123715877533;-0.3088809549808502;212.61706352233887;-452.1997833251953;251.85181617736816
-7.268214225769043;0.8794248104095459;0.8138000965118408;-28.265501260757446;-564.8239517211914;37.73318409919739
-7.077452726662159;1.3425752520561218;0.2904139459133148;62.66188859939575;-498.59561920166016;299.54275131225586
-8.471591770648956;-0.272369384765625;2.9094144701957703;220.38070678710938;-450.04343032836914;140.65518379211426
-8.435017056763172;0.32713115215301514;2.7536608278751373;28.242655992507935;-481.90481185913086;355.1447296142578
-10.34562774002552;2.0051077008247375;0.28209686279296875;126.90706729888916;-401.2543487548828;262.3687934875488
-10.753481090068817;-1.4074847102165222;-0.7189549505710602;197.30491161346436;-277.99487113952637;348.20669174194336
-7.427000440657139;-0.8231610059738159;2.682984620332718;90.11805295944214;-540.0559043884277;148.46165657043457
-5.760413780808449;-0.4217103123664856;0.16596615314483643;73.38753461837769;-344.92810249328613;439.570255279541
-10.422051697969437;-0.21192580461502075;-0.3419414162635803;113.53862285614014;-345.5318355560303;294.9704933166504
-8.553201332688332;-2.305944263935089;0.4651486873626709;152.7278995513916;-412.70965576171875;265.8218193054199
-9.56905446946621;1.2753099203109741;-1.9716471433639526;-0.8157241344451904;-325.969820022583;441.7960739135742
-8.21469034999609;-0.9277224540710449;-2.188342809677124;274.86785888671875;-473.59628677368164;115.9907054901123
-8.921709470450878;0.3507345914840698;-2.4311184883117676;112.5521993637085;-291.1238479614258;422.25528717041016
-9.27675124257803;1.2473613023757935;1.1252492666244507;-44.01249647140503;-474.3644142150879;338.50616455078125
-10.688482224941254;-0.8295446634292603;-0.46923011541366577;247.8105354309082;-333.9615726470947;354.35571670532227
-7.354483008384705;-0.33860206604003906;-2.7069300413131714;103.26147079467773;-510.28432846069336;223.50468635559082
-7.678180932998657;-2.1882131695747375;-0.689195841550827;77.0633339881897;-393.71246337890625;302.3606586456299
-8.775953762233257;1.3982981443405151;2.260952442884445;48.041510581970215;-476.59003257751465;170.2372169494629
-9.741617739200592;-0.9089156985282898;-1.9702859222888947;131.59033298492432;-399.81388092041016;351.8785858154297
-8.014685846865177;-2.537396550178528;-0.12306645512580872;293.5415840148926;-378.55058670043945;176.05356216430664
-6.967621855437756;0.3438323736190796;-2.147025614976883;-31.03813648223877;-444.0974235534668;396.57726287841797
-8.411851152777672;1.932603120803833;0.3334656357765198;123.10604095458984;-499.8263168334961;46.64426922798157
-6.625921837985516;0.9030014276504517;0.513765960931778;114.23551082611084;-354.35832023620605;416.0715866088867
-8.2903403788805;-2.0731866359710693;-1.649221032857895;123.56112957000732;-386.9790744781494;324.7433853149414
-9.261535294353962;-0.6567701697349548;2.562488615512848;105.05977392196655;-407.1918296813965;283.8065528869629
-7.374797947704792;0.20077675580978394;2.55667045712471;68.98762464523315;-385.5252456665039;273.2845973968506
-10.033142566680908;-1.1097416281700134;1.058216392993927;178.58460903167725;-372.0489978790283;281.36369705200195
-7.346486113965511;0.5801305174827576;-2.2864490747451782;109.15218830108643;-475.4356098175049;349.3634605407715
-5.449411645531654;0.4581436514854431;0.1360282301902771;154.46359634399414;-562.0483016967773;169.6428394317627
-8.143533021211624;1.092638075351715;1.000792533159256;14.053166806697845;-492.44075775146484;212.61478900909424
-9.197806566953659;0.35360902547836304;-1.3446718454360962;78.339364528656;-477.037296295166;83.72982501983643
-7.8812554478645325;1.5084564685821533;1.576881855726242;169.0368890762329;-356.2671661376953;272.3287582397461
-9.906407073140144;1.5572905540466309;1.9044287502765656;83.72889518737793;-422.91698455810547;173.80511283874512
-8.0811632797122;-1.1540964245796204;-0.6969675421714783;-23.2175874710083;-504.53956604003906;219.15231227874756
-8.65682065486908;-0.03285259008407593;0.5934365093708038;59.285616874694824;-355.77664375305176;356.48414611816406
-7.185527868568897;-0.9690821170806885;-1.5517942607402802;-36.405991315841675;-520.096607208252;235.728178024292
-7.513731345534325;-0.26593655347824097;1.2347683310508728;-59.966697692871094;-464.1639232635498;324.64908599853516
-10.34417375922203;-0.7799103856086731;-1.5969738364219666;90.7831621170044;-405.7034397125244;322.95759201049805
-6.866292469203472;-0.07874518632888794;-2.3407280445098877;-61.32061958312988;-343.6694526672363;407.0101547241211
-6.8526266142725945;-1.026691496372223;-0.17712637782096863;191.80199146270752;-416.19787216186523;303.66817474365234
-6.47968053817749;-0.15521496534347534;-0.15439465641975403;8.859820067882538;-456.4453125;223.32524299621582
-8.809829503297806;0.43704360723495483;1.763661950826645;93.84679555892944;-490.9449005126953;179.48455810546875
-7.4961332604289055;-1.5432938933372498;0.2326861023902893;-117.29430198669434;-436.43720626831055;359.3463706970215
-7.015250623226166;1.2594982981681824;1.7429664731025696;113.75497341156006;-368.3415412902832;328.65245819091797
-7.955347560346127;-2.9204338788986206;0.5665183067321777;107.72582530975342;-505.4486274719238;-33.48857402801514
-7.542512007057667;-0.14073550701141357;2.3950450122356415;14.725008308887482;-553.4533309936523;-20.67335844039917
-9.102731756865978;2.450479567050934;-0.13255253434181213;116.38631343841553;-484.6002960205078;208.9775276184082
-10.403838381171227;-1.3714224100112915;1.1458396911621094;106.93410873413086;-496.6542434692383;177.91934967041016
-7.546457648277283;0.8175373077392578;0.4519835114479065;198.38719367980957;-393.41732025146484;292.36536026000977
-8.456319943070412;-2.2585630416870117;0.8860498666763306;172.61601448059082;-302.3628616333008;363.6027145385742
-8.940115012228489;2.7255937457084656;-0.7804244756698608;86.06301784515381;-387.8829860687256;325.6640625
-7.045540027320385;-0.7761821150779724;-1.8421590328216553;173.67374897003174;-494.10844802856445;261.3222885131836
-6.599485315382481;-1.5897497534751892;1.7851464450359344;177.41615295410156;-485.5690383911133;110.9199857711792
-6.983434595167637;-2.5240927934646606;-0.6491929292678833;122.77431964874268;-427.5900936126709;367.7771186828613
-10.243001952767372;-0.14994889497756958;0.6708361208438873;155.72041511535645;-418.59166145324707;311.47029876708984
-5.8818429708480835;-0.48134922981262207;-0.35995468497276306;110.18617630004883;-559.4068336486816;163.79974365234375
-8.023389056324959;-2.104434370994568;-0.6074152886867523;-74.67020273208618;-414.5815944671631;362.6247024536133
-6.804815120995045;-1.0807782411575317;0.89130699634552;-0.5968943238258362;-458.04511070251465;269.47388648986816
-9.711408242583275;1.6730502247810364;-0.09761899709701538;189.70746517181396;-507.1739959716797;116.88268661499023
-9.433278813958168;2.557647228240967;-0.2975352108478546;149.79304790496826;-518.5483360290527;114.61581230163574
-8.500541746616364;0.35193711519241333;1.3503402471542358;-16.131665110588074;-475.29988288879395;156.84648513793945
-9.168939851224422;-0.28093457221984863;-2.376490831375122;-72.70593166351318;-489.98565673828125;278.9050769805908
-8.284810557961464;-0.7286936044692993;2.486521750688553;81.31689548492432;-539.1641235351562;-60.66640377044678
-11.071574315428734;-0.7817745208740234;-0.4826299846172333;-47.32839345932007;-508.6611557006836;262.7644729614258
-6.672669388353825;0.5215734243392944;-0.3371894359588623;-23.31633746623993;-559.3271827697754;225.49216747283936
-6.673852913081646;0.46638697385787964;2.058262377977371;159.83203411102295;-543.5956192016602;131.09210014343262
-8.644113689661026;-0.6403103470802307;-2.6735857129096985;149.26061153411865;-539.3608474731445;103.7149429321289
-9.523878246545792;0.6755143404006958;1.8714532256126404;1.4794144034385681;-377.0880603790283;351.8405342102051
-6.422313675284386;0.8322447538375854;0.48872530460357666;253.9002799987793;-464.97960090637207;145.1502513885498
-9.832409396767616;1.25044584274292;0.6401672959327698;101.88280820846558;-467.97122955322266;201.15819454193115
-6.415415368974209;-1.274174451828003;0.5813218653202057;143.24662685394287;-490.3795623779297;174.12789344787598
-7.9348113387823105;-1.0506123304367065;1.02451890707016;49.48931694030762;-533.8532066345215;284.78668212890625
-9.511023759841919;1.4564305543899536;0.8897691965103149;10.761879980564117;-476.623592376709;267.32288360595703
-7.69574660807848;-1.1695817112922668;-0.9192176163196564;-45.231971740722656;-487.8437805175781;265.91840744018555
-7.757269777357578;1.6005858778953552;1.8215864896774292;44.96534585952759;-444.5298385620117;247.65263557434082
-9.082881733775139;-2.0235612988471985;1.6616754233837128;45.902531147003174;-528.2711791992188;181.96446418762207
-10.081662610173225;-1.3322040438652039;1.6377881169319153;186.93574905395508;-494.93785858154297;-42.483887672424316
-6.7987969145178795;-1.7694175243377686;0.29627904295921326;27.60828137397766;-555.7624053955078;196.8341588973999
-8.7048863992095;1.09817236661911;-0.9018927812576294;141.3137912750244;-520.0754928588867;241.2019443511963
-8.954434655606747;0.7957354187965393;-0.4228949546813965;-64.24598693847656;-381.762056350708;397.63355255126953
-6.42070434987545;2.2901996970176697;-0.012950599193572998;11.939273178577423;-440.86541175842285;273.680477142334
-8.476428128778934;-1.3485386967658997;1.3869568705558777;-68.69747400283813;-529.7353935241699;124.22593116760254
-7.746150344610214;0.9424388408660889;0.13626515865325928;283.8182544708252;-438.04638862609863;101.5918493270874
-8.697348833084106;0.2129003405570984;-2.7668796479701996;240.31265258789062;-418.3986282348633;181.5212059020996
-9.707094356417656;1.2825563549995422;-1.121784746646881;214.30575370788574;-308.1767177581787;305.0841236114502
-8.335621654987335;-0.02505183219909668;0.4599541425704956;72.70480871200562;-535.4197311401367;190.58850288391113
-9.818237274885178;-1.0976135730743408;-1.044335961341858;279.3442153930664;-387.01698303222656;148.66607666015625
-9.529665112495422;1.693233847618103;-0.42437687516212463;85.49046277999878;-493.7662124633789;117.77207851409912
-8.031079173088074;-0.07765442132949829;1.2085586786270142;166.65618896484375;-488.0859375;161.2639617919922
-6.949722580611706;0.07836073637008667;1.6535259783267975;110.77764987945557;-497.7330780029297;318.0105972290039
-6.952578015625477;-1.4000102877616882;0.792481005191803;272.0497512817383;-463.95169258117676;114.88625049591064
-9.637436270713806;-0.4070967435836792;0.9440258145332336;150.2647304534912;-483.84355545043945;81.98805570602417
-8.450871706008911;0.15977919101715088;1.513606309890747;-34.540876150131226;-506.0910415649414;228.1363821029663
-7.991409860551357;1.2948006391525269;2.3101016879081726;-29.40709948539734;-515.2578735351562;144.58428382873535
-9.299926087260246;1.0037362575531006;-0.12201815843582153;10.314217507839203;-507.7738952636719;300.3811454772949
-8.446242660284042;0.19277483224868774;-0.5394682288169861;52.15803623199463;-394.72686767578125;358.4845733642578
-10.672831535339355;1.4260321855545044;-0.247974693775177;91.19765996932983;-504.62390899658203;167.24309921264648
-10.270176082849503;0.088481605052948;1.2973397970199585;28.307329416275024;-449.16561126708984;294.46191787719727
-7.9751646146178246;1.044192910194397;0.44736117124557495;108.08403253555298;-310.4205322265625;346.5951919555664
-5.976346135139465;1.2203916907310486;0.41613131761550903;-117.02202558517456;-525.4867172241211;293.4861373901367
-8.503019995987415;-1.0395795106887817;-1.0656483471393585;155.40953636169434;-517.5698089599609;119.35006141662598
-7.820869982242584;-1.2984305620193481;1.1905007064342499;315.5362129211426;-394.9186134338379;168.47622871398926
-9.049463085830212;-1.5219435095787048;2.4177923798561096;62.51944541931152;-452.25165367126465;147.69593238830566
-9.464233741164207;0.1398906111717224;0.0454634428024292;236.53789043426514;-473.86645317077637;103.75166416168213
-10.858581215143204;-0.36921948194503784;-0.6200864911079407;67.0904016494751;-396.8279457092285;288.9517593383789
-6.994141638278961;-0.3702521324157715;1.2655332684516907;217.76508808135986;-510.5775260925293;196.44464492797852
-8.366817981004715;-2.2351160645484924;-0.91419517993927;229.68725681304932;-448.01164627075195;94.99220609664917
-9.744597226381302;-0.27766674757003784;1.2742280960083008;176.19319438934326;-361.71040534973145;360.4349899291992
-7.216308452188969;-2.4380385875701904;-0.7771745324134827;216.99411392211914;-500.23681640625;-45.771846771240234
-8.517662063241005;-2.047155797481537;0.5809485912322998;110.3519868850708;-325.8757781982422;381.84980392456055
-9.139324352145195;-0.19363313913345337;-1.3443678617477417;-5.129328221082687;-444.46898460388184;400.4687690734863
-8.68692398071289;1.356080174446106;0.48319101333618164;43.531694412231445;-552.0663642883301;70.37232398986816
-8.97372979670763;1.2262076139450073;2.36884206533432;132.41761207580566;-480.2568054199219;75.93425273895264
-7.060098275542259;0.1411154866218567;0.09060055017471313;43.793803453445435;-518.1726837158203;258.10232162475586
-8.105748519301414;0.21325349807739258;1.7950035631656647;-3.7101566791534424;-430.3938388824463;362.9860496520996
-5.960739590227604;0.6936192512512207;0.7084809243679047;55.416462421417236;-558.3663368225098;111.53803825378418
-8.759982883930206;-2.9079660773277283;-0.1660265028476715;-1.3442042469978333;-563.3982467651367;113.90833139419556
-7.937060482800007;0.8258655667304993;1.2561500072479248;-44.58571672439575;-520.2997970581055;64.22040939331055
-9.464339911937714;1.0171785950660706;2.33120396733284;155.44321060180664;-494.60277557373047;123.28200817108154
-6.408900395035744;-2.268710732460022;-0.07670894265174866;254.21725273132324;-353.46153259277344;339.5083236694336
-9.90847460925579;-1.024751365184784;0.4297614097595215;-15.791670083999634;-353.30260276794434;377.1078872680664
-7.467996329069138;1.0509699583053589;0.8054450154304504;-7.9829442501068115;-483.33629608154297;141.86342239379883
