x;y;z;vx;vy;vz
-9.684012830257416;-2.069181203842163;0.10215193033218384;169.67832698822022;-713.4321952819824;73.38022327423096
-6.550209224224091;-1.1832252144813538;0.06420984864234924;142.788258934021;-749.0102172851563;193.60268211364746
-8.920253813266754;-0.7408082485198975;2.7045361697673798;137.20162525177003;-651.1260105133057;165.44706916809082
-7.747341133654118;-0.8219853043556213;1.5977159142494202;140.83286418914795;-658.0732894897461;214.3286190032959
-7.525228522717953;0.21298527717590332;-2.0648226141929626;168.1860460281372;-646.2998081207276;198.042875289917
-6.5410444512963295;1.1354371905326843;-0.1235179603099823;75.48529043197631;-784.3465972900391;215.1584300994873
-7.288735918700695;0.9527385234832764;-2.1015331149101257;-0.16408578157424913;-707.8597808837891;333.72640228271484
-10.330132395029068;-0.892232358455658;-0.5471371114253998;200.24099006652833;-659.3881298065186;299.963098526001
-5.943341553211212;-1.5981048345565796;0.33864453434944153;127.45361938476562;-432.52766380310055;426.1971244812012
-6.18268009275198;-1.5349209308624268;1.2169227004051208;226.00033893585206;-753.1228233337403;134.0489730834961
-10.262050107121468;1.343071460723877;1.0040558874607086;160.52356853485108;-704.0178562164307;81.76457977294922
-6.1405302956700325;0.5392491817474365;-0.9387262165546417;-120.13037309646607;-604.09808883667;397.58778190612793
-9.214710630476475;0.016142427921295166;-0.9657897055149078;226.75853862762452;-657.1415115356446;266.5990219116211
-6.436450593173504;1.104511320590973;-1.6057290136814117;67.1617950439453;-596.9025875091553;365.8715400695801
-8.962712064385414;-1.6782402992248535;0.7579229772090912;121.33995666503905;-632.7758098602295;257.21838569641113
-6.206905469298363;0.8030712604522705;0.892900675535202;10.095448637008667;-720.2275539398194;274.3128547668457
-9.011310338973999;-2.129758894443512;-0.44149160385131836;146.1696304321289;-744.1616416931153;119.39986324310303
-8.254869282245636;-2.923750877380371;0.3649860620498657;225.86386814117432;-707.5528503417969;153.5782012939453
-10.042578354477882;0.13295263051986694;-2.2014163434505463;136.54479160308838;-625.2855087280274;276.71797370910645
-9.353383630514145;0.9762302041053772;1.1888131499290466;206.16282119750977;-588.7907291412354;237.60821914672852
-9.674183651804924;-1.801447570323944;-7.152557373046875e-05;-0.2342237591743468;-603.0417705535889;367.45445823669434
-9.085315838456154;-1.4593765139579773;-1.439206302165985;128.8538040161133;-596.2487007141114;424.53492736816406
-7.431257888674736;1.7932400107383728;-1.4697521924972534;49.05099048614502;-682.5420166015625;234.9803409576416
-9.405137971043587;-1.6287803649902344;0.9330399334430695;-62.099529361724855;-654.9467063903809;262.2329578399658
-7.675108127295971;2.6257529854774475;0.49544423818588257;151.53406276702881;-614.0597415924072;248.33954429626462
-8.514617197215557;0.8777886629104614;0.22597387433052063;13.08972373008728;-694.1644645690918;284.3163070678711
-8.702656254172325;-2.5930210947990417;1.1972777545452118;-31.15229115486145;-749.4576812744141;227.21586799621582
-7.80424140393734;-2.0965978503227234;-0.9500563144683838;39.49837460517883;-755.3557945251465;192.70005798339844
-7.717627286911011;2.4605154991149902;-0.756525993347168;-46.11364231109619;-779.7612358093262;250.10116195678708
-7.645299285650253;2.0177409052848816;-2.0949460566043854;-47.3423837184906;-583.2158828735352;341.9875202178955
-8.103550784289837;1.5570089221000671;-2.2530019283294678;151.10696926116944;-719.5024848937989;144.03491592407227
-10.9926737844944;-0.8348912000656128;-0.05607828497886658;101.42701520919799;-555.3096652984619;412.6933536529541
-8.874610997736454;1.0280236601829529;-2.06851065158844;27.12882056236267;-581.2013507843018;393.79412269592285
-6.628447584807873;0.763915479183197;-0.9616456925868988;163.43478813171387;-724.7710014343262;191.07150650024414
-7.253524661064148;-0.18030256032943726;-0.8257582783699036;143.58140602111817;-712.5647331237793;178.3223876953125
-9.914996847510338;1.1748343706130981;-0.9884342551231384;-25.021994268894197;-750.5004096984864;211.74225425720215
-9.097728319466114;2.282765507698059;-0.6036199629306793;34.64370503425598;-721.7507911682129;185.96203422546387
-6.394723244011402;1.3656914234161377;0.17298012971878052;147.36724033355713;-763.366544342041;49.98292064666748
-6.266527064144611;0.9056836366653442;-1.6496524214744568;84.90987195968627;-698.543717956543;269.73064041137695
-9.312690608203411;-1.638418436050415;2.172233909368515;59.25454988479614;-805.0765396118164;38.6466965675354
-7.59064145386219;2.3095205426216125;-1.1677712202072144;98.4266318321228;-766.5946937561035;90.58105087280273
-7.680927962064743;2.0397260785102844;-0.2476997673511505;-32.89882049560547;-729.66449508667;218.13818550109863
-7.777339406311512;-1.3109609484672546;-1.339682936668396;-77.10708961486817;-556.4668060302735;375.4083595275879
-8.083146996796131;1.5109553933143616;1.9153565168380737;145.07404460906983;-617.1234966278076;317.6503143310547
-6.824938394129276;1.3428479433059692;-1.892157644033432;162.55147590637208;-743.7676788330078;134.7348747253418
-10.472846031188965;-1.6308635473251343;0.5502507090568542;20.427990102767943;-600.7278038024903;296.238618850708
-6.855876557528973;1.4846429228782654;-1.6535460948944092;168.89738216400147;-662.2663761138916;201.95532417297363
-8.731413446366787;1.232197880744934;0.6241053342819214;61.17431774139404;-594.6160293579102;405.8268127441406
-9.288756921887398;-0.1250937581062317;-1.1710189282894135;67.19546213150024;-576.8789459228516;396.7737064361572
-9.080221876502037;2.5736913084983826;0.7214024662971497;182.04778804779053;-717.9615665435791;0.7651004791259769
-6.332596577703953;0.6721749901771545;0.4106864333152771;107.59260549545287;-685.1684356689453;398.15535163879395
-6.400257535278797;1.457628607749939;0.9509950876235962;170.26629581451417;-581.658141708374;348.76631355285645
-8.009875193238258;-0.713387131690979;0.3163933753967285;91.47511138916015;-597.460143661499;317.48780822753906
-7.996508851647377;2.036409080028534;0.6603196263313293;95.93642606735229;-791.5204406738281;192.80431365966797
-8.504839986562729;0.880153477191925;0.1619987189769745;14.408930683135987;-648.8499237060547;400.4919204711914
-6.2550147995352745;1.7135292291641235;0.4438765347003937;108.33310976028442;-727.987191772461;174.5039520263672
-6.576943024992943;-1.3367637991905212;-0.5882084369659424;92.10680379867553;-708.519418334961;202.5816307067871
-10.436144471168518;0.7175177335739136;1.495673507452011;226.10631122589112;-711.0815216064453;150.77245330810547
-10.314792394638062;1.9188567996025085;-0.612940639257431;50.54360761642456;-639.6935344696045;336.1109218597412
-6.7635610699653625;-0.21502822637557983;-0.2701610326766968;24.277686023712157;-651.2007404327393;366.2082824707031
-8.837997168302536;-2.118368446826935;-0.459415465593338;141.7396511077881;-618.6165500640869;332.5009117126465
-6.8358298391103745;0.18980205059051514;0.5843393504619598;70.26646270751952;-681.8863273620606;252.52147293090817
-9.997161850333214;-0.469323992729187;-1.3566568493843079;54.49457302093506;-726.675813293457;264.53819847106934
-9.390276297926903;1.0282784700393677;0.15603527426719666;30.571750545501708;-669.764945602417;314.37432861328125
-9.028825163841248;2.5449559092521667;0.8164040744304657;231.2664379119873;-727.0392776489258;8.725088596343994
-9.526549279689789;-0.5910471081733704;-0.9585365653038025;72.03846588134765;-667.6705337524414;236.62843322753906
-7.280761934816837;2.3454129695892334;1.2017570436000824;120.95174446105956;-626.8659664154053;288.12389945983887
-7.975197583436966;1.5155285596847534;2.282477170228958;111.289497756958;-764.5162750244141;-80.6919493675232
-8.799468353390694;0.6976604461669922;-1.362340897321701;10.123493814468384;-597.927205657959;395.8966312408447
-6.971669755876064;0.09235739707946777;0.08909851312637329;61.64059295654297;-649.5583988189697;431.8418083190918
-9.31946150958538;0.8606359362602234;-0.400746613740921;39.42684903144836;-655.2506328582764;202.9525909423828
-8.431650325655937;2.2773027420043945;-1.299528032541275;168.08825626373292;-690.9133983612061;189.3387565612793
-8.77610631287098;0.8356243371963501;-0.9881213307380676;99.24658670425414;-743.1103302001953;201.67889213562012
-7.441352494060993;-0.3125220537185669;-2.41195410490036;24.856671237945555;-509.48179969787594;423.4533176422119
-7.097906246781349;-2.0458191633224487;-1.4923028647899628;-79.62895975112916;-574.2649723052979;414.0622673034668
-6.9686533883214;1.1632025241851807;-2.369215339422226;51.68099298477173;-724.8608947753906;179.8435935974121
-5.734994262456894;0.9133055806159973;-0.47029629349708557;-82.82710418701173;-779.172551727295;233.10960388183594
-9.572901204228401;-1.9536316394805908;-0.6336003541946411;75.480491065979;-650.3020931243897;360.8663806915283
-7.1192895993590355;0.08913874626159668;-2.515154331922531;133.04873600006104;-689.7494770050049;237.3511848449707
-9.83085036277771;-1.0644033551216125;0.419403612613678;124.67529430389403;-733.9476181030274;228.93660163879395
-8.71089231222868;-0.9540215134620667;-1.809702068567276;95.80750837326049;-770.3044677734375;1.2503800392150883
-8.69042482227087;0.8486911654472351;-0.0385969877243042;139.65831413269044;-757.884309387207;62.95944786071778
-9.010342508554459;-0.14628320932388306;-1.6006283462047577;242.8121532440186;-608.8015533447266;221.14720916748047
-9.114977717399597;-0.016871094703674316;0.7720984518527985;-34.16297600269318;-778.6063552856446;222.90216064453125
-6.745006330311298;0.983409583568573;-1.1966049671173096;208.2298101425171;-669.0024257659912;268.29437828063965
-6.8710919469594955;-2.206166088581085;-1.4459989964962006;87.7452672958374;-561.9558502197266;383.0983600616455
-8.020845986902714;-0.034461915493011475;-1.0617457330226898;-13.905006802082061;-717.562854385376;211.51033973693848
-7.623543217778206;-1.698070764541626;0.5138017237186432;81.62039651870727;-606.3293148040772;417.5320587158203
-7.715820148587227;-0.16576498746871948;-0.08209347724914551;87.20308198928832;-658.9578319549561;335.8393249511719
-6.868980266153812;0.34176260232925415;0.6378784775733948;207.60936870574952;-638.9869190216065;207.45764350891113
-7.196836732327938;-1.370970904827118;0.9025722742080688;-9.321277892589569;-686.4941764831543;311.31457901000977
-9.882427006959915;0.0027179718017578125;-1.8326885998249054;163.4213556289673;-671.0194469451905;327.639347076416
-6.852249428629875;-1.6779720783233643;1.2130625545978546;91.52775421142577;-814.2437149047852;7.900663375854492
-6.81413970887661;-2.507583796977997;-0.09531229734420776;39.59008469581604;-578.7727714538574;389.9808654785156
-8.86506512761116;-1.5014246106147766;1.4898218214511871;97.28554143905639;-609.1869617462158;307.24500274658203
-9.175225719809532;-0.0006213784217834473;-0.5845271050930023;44.60771813392639;-664.5699859619141;346.5739974975586
-7.150469161570072;-0.625164806842804;-1.0061435401439667;-52.39610538482666;-803.2612205505371;196.52793502807617
-8.237811550498009;0.4239276051521301;-1.6815438866615295;66.62157669067382;-775.1;99.1698989868164
-6.492208130657673;0.16331523656845093;-0.17438828945159912;218.62513675689698;-649.1339088439942;306.0277519226074
-7.148631289601326;1.6836494207382202;2.0605601370334625;143.19446697235108;-672.667081451416;293.31247901916504
-9.169932827353477;1.5830084681510925;0.08245781064033508;-32.92583570480347;-636.0125995635987;357.55981063842773
-9.301304072141647;0.4461944103240967;0.05678907036781311;39.9570752620697;-721.5097499847412;339.88312339782715
-6.904207170009613;-0.16493797302246094;-1.0406233370304108;4.143405103683472;-626.3820529937744;350.69435691833496
-5.566992983222008;0.27733147144317627;0.4196271300315857;51.237169647216795;-772.1577239990235;272.74633026123047
-7.37526286393404;-0.24929344654083252;-0.47348588705062866;164.88867416381837;-697.305867767334;290.78928565979004
-6.725107133388519;-0.6559610366821289;-1.0746270418167114;156.95023670196534;-498.9735771179199;420.4324493408203
-8.96202139556408;1.5969917178153992;2.036183327436447;81.52776374816894;-737.6061225891114;146.10236263275146
-6.556262634694576;-1.210176944732666;0.8328571915626526;24.228876972198485;-682.3795104980469;373.5339603424072
-9.849502891302109;0.12592077255249023;-2.3200616240501404;23.390128755569457;-725.2335716247559;115.23495769500732
-7.3175473138689995;1.211942732334137;-1.4961138367652893;134.91030349731446;-638.5823989868164;317.95544242858887
-7.692033424973488;1.2819170951843262;-1.8615961074829102;29.830402278900145;-755.302808380127;131.08767127990723
-9.546452388167381;0.2801656723022461;-2.6017896831035614;40.39584889411926;-555.2724433898926;349.7222385406494
-8.786209300160408;0.7771030068397522;-0.19757822155952454;49.87548723220825;-508.51714859008786;383.140474319458
-7.092486508190632;-0.7430881261825562;0.2753444015979767;189.7553409576416;-608.5743595123291;289.3814334869385
-6.175705790519714;1.4042526483535767;1.3077892363071442;2.6213739752769474;-663.1030536651612;252.7880058288574
-9.206514246761799;-1.8699511885643005;-1.6385525465011597;250.6135334014893;-692.0436740875244;93.1076488494873
-6.480174511671066;0.8789867162704468;1.46159827709198;142.45778217315674;-673.4982086181641;199.5512638092041
-7.935398630797863;-1.0166332125663757;1.6240820288658142;-0.35845295190811144;-606.3276268005371;338.6543140411377
-8.313998579978943;2.7649059891700745;0.4023045301437378;98.91543760299682;-662.0454765319824;223.05937385559082
-6.583436764776707;0.6087452173233032;2.1928176283836365;-52.42449746131897;-745.6343246459961;173.75751113891602
-9.730257466435432;0.12941211462020874;0.4721805453300476;124.83084812164306;-679.381759262085;225.677095413208
-9.068785607814789;-1.135772466659546;-0.39852485060691833;216.74472942352295;-600.9499050140381;249.0906772613525
-10.092253983020782;-1.2537449598312378;-1.8318012356758118;-10.06147459745407;-713.1636882781983;356.4590034484863
-9.02598537504673;-2.730444073677063;-0.7668033242225647;70.062850856781;-751.6308570861817;88.28063821792603
-7.252362929284573;2.193872630596161;1.5177682042121887;50.1842845916748;-776.645639038086;96.33555507659912
-8.904123678803444;0.405062735080719;2.8655871748924255;4.2555464744567875;-731.9656158447266;140.71901893615723
-9.23551730811596;1.3581186532974243;-0.4575781524181366;259.04977455139164;-688.7795330047608;138.70302772521973
-8.895419910550117;-2.4040013551712036;0.12900084257125854;73.17637338638305;-669.2281604766846;232.57550811767578
-6.895668245851994;-2.60293185710907;0.207587331533432;192.74170532226563;-679.40908203125;193.89545059204102
-9.959092363715172;0.6541863083839417;-0.21997913718223572;214.2960943222046;-607.7379108428955;196.86459159851074
-8.606381714344025;1.28602534532547;1.2788929045200348;62.61141672134399;-573.1498027801514;355.3018627166748
-9.980212524533272;2.344478666782379;-0.8186504244804382;24.592012310028075;-664.4408393859864;283.4066734313965
-10.753203928470612;-0.9961634874343872;0.15730932354927063;211.45110740661622;-644.0906120300293;234.9920997619629
-6.774232909083366;-0.1720815896987915;0.46048611402511597;160.06458892822266;-636.8457866668701;291.69047927856445
-8.750264905393124;-2.8806254267692566;-0.6873339414596558;139.0939344406128;-541.2659336090088;383.20516204833984
-8.39338805526495;0.8243277668952942;-1.8009491264820099;-81.84269771575929;-690.2035213470459;383.20550537109375
-7.958017475903034;-0.20113438367843628;0.17808079719543457;243.07299270629886;-688.0688262939453;167.2919282913208
-10.17679050564766;0.7982164621353149;1.7176710069179535;33.12282814979553;-755.6203819274903;46.47165513038635
-8.7528420612216;-2.2165238857269287;0.4684746265411377;-2.6981474518775936;-715.31803855896;307.863956451416
-10.518229007720947;-1.5125289559364319;-1.2591764330863953;-15.453959709405899;-693.4616542816162;315.0589141845703
-8.469414710998535;2.4948611855506897;-0.36314427852630615;-70.34368500709535;-770.1294876098633;121.1954698562622
-8.146409131586552;-0.5198612809181213;0.283755362033844;130.3931344985962;-720.3436542510987;56.824856758117676
-6.844479404389858;1.3827726244926453;-0.5119286477565765;-80.98726615905763;-757.4364448547364;221.89774131774902
-10.15353575348854;-0.9353578090667725;2.1361224353313446;56.21123685836792;-721.3165451049805;10.415280818939209
-7.371815666556358;1.879902184009552;-1.3322465121746063;45.02167239189148;-729.5608688354492;140.62157249450684
-5.564714223146439;-0.45850127935409546;0.9117722511291504;124.0832342147827;-659.100768661499;374.0017948150635
-8.690540492534637;0.916135311126709;2.5548934936523438;26.737257385253905;-784.2740989685059;141.7639503479004
-10.425427928566933;-0.9896814823150635;-0.7490493357181549;62.90103807449341;-598.9968849182129;385.96710777282715
-8.424632996320724;0.12445449829101562;0.4759266972541809;61.14295377731323;-727.6894737243653;263.86797523498535
-7.75431152433157;0.8576542139053345;-2.375122904777527;171.66371955871583;-632.0660186767578;332.93567276000977
-6.521615199744701;-1.0108307003974915;-0.8431077003479004;137.3004306793213;-759.558065032959;165.74799156188965
-7.302842661738396;-0.39036422967910767;1.2188047170639038;35.12144222259521;-761.3475204467774;150.91384506225586
-7.812806591391563;0.12642145156860352;0.6775550544261932;-11.908535814285278;-800.6412673950196;208.95061111450195
-9.99908521771431;-2.0569637417793274;1.0280795395374298;-65.95769033432008;-768.9547515869141;184.22999954223633
-6.723395548760891;-1.534290611743927;-1.112397015094757;-109.09960613250733;-643.1866432189942;319.6197280883789
-7.596763037145138;1.8261507153511047;0.36671608686447144;248.09892311096195;-645.7687164306641;273.08664894104004
-6.335233524441719;0.5700588226318359;-1.7349757254123688;140.85688247680665;-716.6440940856934;268.0289611816406
-9.23035740852356;0.04907101392745972;0.7836788892745972;114.2730010986328;-732.3401237487793;151.4629898071289
-8.057864382863045;1.1350616812705994;1.0080724954605103;-61.149480199813844;-730.2453971862793;326.39154052734375
-10.336549580097198;-1.164194941520691;-1.376824826002121;182.3256649017334;-646.4426876068115;153.9490041732788
-7.77461864054203;-2.0702049136161804;1.732926070690155;266.6448177337647;-678.7108493804932;-91.11448431015015
-6.902139633893967;1.9947275519371033;1.6292944550514221;-3.2364614367485043;-747.2472549438477;23.585642337799072
-10.309824720025063;-1.559467613697052;0.9475328028202057;-0.03500357866287218;-568.2294441223145;335.57834243774414
-8.508247509598732;0.1706644892692566;0.1881323754787445;101.69369115829467;-626.6539646148682;431.5371379852295
-10.382343828678131;-0.6387323141098022;-0.7035300135612488;68.35808172225951;-574.2002559661865;369.6133289337158
-8.617343008518219;-1.6602113842964172;2.051299810409546;64.67922821044921;-473.6957241058349;421.47489166259766
-7.044808566570282;-1.603706181049347;1.185522973537445;-115.28341398239137;-755.9549499511719;229.32721710205078
-5.796378292143345;-0.3083646297454834;0.9059697389602661;66.62374391555785;-664.7305179595947;365.83431816101074
-7.782106474041939;2.8819620609283447;-0.4293970763683319;121.0616506576538;-599.3001533508301;396.41393280029297
-6.445181742310524;1.158289611339569;1.1121757328510284;69.68219175338744;-654.667813873291;349.1505489349365
-7.554097473621368;1.093299686908722;0.6802842020988464;-57.26668224334717;-742.3296714782715;144.93227577209473
-6.1475275084376335;-1.386760175228119;0.377858430147171;113.99729862213134;-758.9375663757324;31.64718246459961
-9.480775147676468;2.5933071970939636;0.017280131578445435;5.924656534194947;-644.6837306976319;283.82286643981934
-6.237430684268475;-0.43796002864837646;-0.029727816581726074;247.27245941162113;-709.3558383941651;95.50126647949219
-5.988509953022003;0.4838794469833374;0.2704404294490814;146.3457836151123;-546.2749839782715;412.2159061431885
-9.12837702780962;-0.08082836866378784;-2.045537531375885;3.3402614235877994;-619.2255760192871;279.87024879455566
-7.068282924592495;-1.3786554336547852;-1.974845677614212;-16.28587186932564;-660.4474235534668;324.0933380126953
-8.396772667765617;1.8422886729240417;-1.5145964920520782;80.81368103027343;-697.2208381652832;288.3014259338379
-8.055815286934376;-0.5082473158836365;-1.1407658457756042;-80.4728542327881;-605.8610511779785;355.08745765686035
-7.61310551315546;-1.2970134615898132;2.5576159358024597;52.735086822509764;-723.1939483642578;297.9975757598877
-9.4010129570961;1.027214527130127;-2.1421507000923157;80.52526845932006;-628.8962627410889;307.42327308654785
-8.632622100412846;-0.9943887591362;2.7015812695026398;93.25759305953979;-725.9164405822754;28.191689014434814
-7.070110738277435;0.2728566527366638;0.1912727952003479;25.57848229408264;-715.4022956848145;305.5188903808594
-8.702011406421661;-1.3200178742408752;-1.4597050845623016;99.86863031387328;-577.4668575286865;294.1341075897217
-7.292357459664345;1.700332760810852;-1.236625760793686;26.98071970939636;-792.8165985107422;141.47673225402832
-5.882896296679974;0.9376063942909241;-0.21991878747940063;153.06830062866212;-762.7492500305176;215.31418418884277
-7.440142147243023;-1.931731402873993;1.1143147945404053;95.9092749595642;-695.2612949371338;322.3678550720215
-6.847125291824341;0.9459570050239563;-1.0701656341552734;-32.70057306289673;-662.0704246520996;430.3428611755371
-8.108033426105976;-1.5896067023277283;-1.167527586221695;81.66114463806151;-592.8706336975098;418.76973724365234
-8.780944347381592;-2.0789802074432373;-0.9959332644939423;-90.21234855651856;-771.8410659790039;154.52139472961426
-10.99679097533226;0.35707801580429077;0.24564117193222046;62.17467441558838;-753.5416198730469;21.598543882369995
-7.164226099848747;-1.5544787049293518;-1.6528129577636719;92.64184370040893;-558.0259204864502;381.35648345947266
-8.175798319280148;1.5787258744239807;2.1504655480384827;81.6981662750244;-768.1945205688477;7.410720348358154
-9.411150589585304;1.164020597934723;-1.6003847122192383;51.18910446166992;-733.4464241027832;83.11614847183228
-6.930951587855816;-0.48456788063049316;-0.059685856103897095;-127.13555917739869;-733.7722373962403;245.945011138916
-7.284023612737656;2.0228415727615356;1.1420398950576782;-77.38356456756593;-649.6578193664551;346.8917713165283
-8.047926239669323;-0.9727299213409424;1.5471138060092926;-63.431106662750246;-801.29535446167;10.074540138244629
-7.656284607946873;-2.8377950191497803;-0.15303343534469604;-59.111977672576906;-786.6152740478516;145.19214248657227
-8.030114695429802;1.5131816267967224;1.75827294588089;130.68229808807374;-727.118985748291;164.28888416290283
-8.832605928182602;-1.7643123865127563;0.5400829017162323;83.4617651939392;-531.377666091919;370.14573669433594
-5.887628719210625;1.431933045387268;-0.47923922538757324;-31.32613048553467;-675.7492614746094;338.6151752471924
-7.765751704573631;-1.183001697063446;2.2980451583862305;81.7531265258789;-754.9089027404785;210.10400390625
-10.100916400551796;0.9859666228294373;-1.162051409482956;88.36913480758666;-620.4020000457764;293.5804138183594
-9.810635447502136;0.30763596296310425;0.4520036280155182;200.5292953491211;-578.2566715240479;247.4573764801025
-7.9794153571128845;0.2514570951461792;2.187911421060562;94.17274847030639;-733.8334060668946;74.85238409042358
-9.556223452091217;-2.2307485342025757;-0.45572295784950256;67.25724592208861;-770.687329864502;162.586275100708
-7.61686060577631;-1.3592898845672607;0.13327673077583313;178.24338569641114;-729.4168449401856;-131.21474647521973
-7.150145061314106;-0.2534016966819763;-2.6433683931827545;48.61129775047302;-763.4050537109375;89.4203553199768
-8.60934890806675;1.6967028379440308;0.30234307050704956;135.49694194793702;-778.450944519043;19.45013737678528
-9.516007080674171;-1.5229851007461548;1.3257376849651337;22.48068823814392;-785.9348655700684;192.21305465698242
-7.579295709729195;1.5829771757125854;1.0891512036323547;104.71119775772094;-681.2925220489502;364.6640739440918
-9.446386992931366;-2.1885529160499573;0.9589008986949921;110.26160373687743;-709.8925090789795;300.9286079406738
-6.503227539360523;-1.1920541524887085;0.5791179835796356;5.793539428710938;-654.8600173950196;291.4680633544922
-7.647880911827087;0.7987707853317261;-1.802055537700653;-12.343492662906646;-557.0657611846924;357.28907203674316
-5.683191306889057;-0.7711127400398254;0.6384819746017456;-12.098343229293823;-777.4594284057617;179.62286567687988
-7.011851482093334;0.27009397745132446;1.003052294254303;68.41553106307983;-699.074494934082;268.99452781677246
-9.429652243852615;-1.4586478471755981;0.32064467668533325;191.88229694366456;-742.3146797180176;114.10945987701416
-9.117667749524117;1.8282830715179443;1.1652499437332153;108.25667753219604;-745.5815673828125;204.70688438415527
-7.191670127213001;-0.4837051033973694;0.26741400361061096;-84.3424020767212;-668.7637020111084;337.4358615875244
-6.843740679323673;-0.39128512144088745;-1.1526592075824738;241.64662971496585;-738.1260276794434;155.79543685913086
-10.376527905464172;1.6638949513435364;-0.17307177186012268;33.87094631195068;-645.1952529907227;348.54180908203125
-9.482507407665253;-2.609391510486603;-0.6375566124916077;115.95731391906737;-493.27433357238766;389.92004013061523
-9.480063244700432;0.6780177354812622;0.29601752758026123;-83.87237176895142;-635.6431270599365;343.6535224914551
-7.965969666838646;2.44579017162323;-1.3339117169380188;62.83961191177368;-791.0353828430176;136.6190299987793
-9.442715719342232;-0.3545790910720825;-0.2586565911769867;29.922634506225585;-651.1510730743408;304.45224380493164
-7.170362770557404;0.6892696022987366;-2.3941397666931152;-30.206056094169618;-627.3384357452393;327.9602680206299
-6.869093701243401;-0.8646592497825623;-1.4632433652877808;95.11749401092528;-748.3428550720215;259.7853240966797
-8.192853257060051;2.3717164993286133;-0.618964433670044;89.68633546829223;-750.9622932434082;156.64550399780273
-9.393927454948425;-0.3530770540237427;2.33343243598938;-106.82103738784791;-787.7060104370117;38.91093707084656
-5.757572315633297;0.9802043437957764;-0.43256431818008423;-12.532443559169769;-736.8276382446289;231.8924388885498
-8.703038468956947;1.4500513672828674;-2.4906568229198456;77.51183166503905;-801.6387344360352;89.62001895904541
-9.528891742229462;-1.4394566416740417;2.0267799496650696;-46.36912093162537;-596.2246395111084;359.2539367675781
-9.658180922269821;0.03183335065841675;-0.30062422156333923;-8.626364922523498;-719.2657638549805;193.96648979187012
-7.852811738848686;-0.7078215479850769;2.6559434831142426;137.4069465637207;-613.3787322998047;272.7637252807617
-10.986245423555374;0.2549797296524048;-0.22325143218040466;19.28675308227539;-692.1431518554688;318.6770782470703
-6.378641724586487;1.0308131575584412;0.44280365109443665;211.75941123962403;-683.7017036437989;264.08738708496094
-8.192292228341103;-0.03190934658050537;-1.6040347516536713;-49.46205840110779;-767.5514198303223;183.1548843383789
-7.5935762375593185;0.20085275173187256;-2.544146776199341;118.20264472961425;-734.2182136535645;142.92273616790771
-8.517040684819221;0.135880708694458;-2.382081001996994;-35.71000442504883;-622.6912761688233;272.7099666595459
-9.059776738286018;-0.16373991966247559;-0.9414128959178925;-1.5257109761238097;-486.4700485229492;389.5092830657959
-10.184377804398537;1.0185465216636658;0.3344781696796417;164.598823928833;-620.4684616088867;275.95405197143555
-9.065052308142185;-2.4922236800193787;-0.2543047070503235;42.46017708778381;-620.4849983215332;320.76613998413086
-6.530540250241756;1.016378402709961;-2.032642811536789;-6.520434772968292;-712.9109455108643;311.8322811126709
-9.609789401292801;2.5058045983314514;-0.9404517710208893;58.59332456588745;-691.5822769165039;197.58966064453125
-7.722123898565769;-0.05168616771697998;2.606072276830673;172.58987560272217;-542.4194408416748;313.8146266937256
-7.522787153720856;-2.474445104598999;-1.4192596077919006;-71.36787757873536;-758.6070610046387;255.16462898254392
-6.583843566477299;1.928776502609253;-0.17623454332351685;60.20580425262451;-740.4320693969727;300.91722106933594
-8.107849024236202;-1.2162521481513977;0.08651688694953918;-15.478513991832733;-759.6175743103028;79.68863582611084
-8.509841188788414;0.5953967571258545;1.7293140292167664;-20.131032621860506;-722.5647235870362;196.54993629455566
-8.224944211542606;-0.819745659828186;-0.47018229961395264;-7.768988764286041;-699.8027969360352;304.5068893432617
-6.78628496825695;-1.199425756931305;1.2348778545856476;-29.086391186714174;-809.2187286376953;185.5704460144043
-9.902312234044075;1.5022605657577515;-1.8804945051670074;-3.8662226557731625;-747.7054763793946;48.83372640609741
-5.760698765516281;-0.9074494242668152;-0.3714121878147125;23.942864084243773;-796.0770774841309;34.64261984825134
-5.6986212730407715;0.482998788356781;0.9415291249752045;31.839602136611937;-784.8258186340332;149.8959503173828
-7.208293117582798;-0.640811026096344;1.235555112361908;201.17735996246338;-720.2339912414551;68.11282253265381
-10.126544907689095;0.050742924213409424;-1.9635602831840515;23.132847690582274;-709.4646717071533;246.39819717407224
-9.168421849608421;2.215978503227234;-0.6072476506233215;33.147965812683104;-741.4924217224121;266.90721130371094
-5.855267308652401;0.03706812858581543;-0.4685148596763611;-61.62761435508728;-752.6469207763672;222.11309051513672
-8.342268504202366;-2.0312145352363586;-1.7058022320270538;120.34999980926513;-603.6177516937256;324.35068702697754
-9.233465977013111;-1.0996297001838684;-0.9118437767028809;141.6841901779175;-523.7651420593262;319.8372802734375
-9.549421817064285;0.05822181701660156;1.6643084585666656;-27.140099859237672;-722.0888496398926;242.79170608520505
-9.275267645716667;-1.6465365886688232;2.28380486369133;-59.52166900634766;-755.6226135253906;207.22241020202637
-7.557843066751957;-0.914628803730011;-2.193497121334076;145.94202175140381;-543.8347602844239;371.0570011138916
-5.912469327449799;0.2602502703666687;-0.9926274418830872;43.61160292625427;-679.9283004760742;330.3299388885498
-9.080747701227665;1.4781475067138672;-1.3379931449890137;238.2438720703125;-641.645696258545;230.66428756713867
-7.585778832435608;-0.6540298461914062;0.37423744797706604;112.62406482696532;-712.9995227813721;240.81385231018064
-6.918385997414589;1.5829682350158691;-0.12771785259246826;173.4991086959839;-749.2003608703614;160.61105346679688
-7.518704608082771;2.4025797843933105;-0.04531145095825195;-31.72532901763916;-719.1502643585205;337.80115699768066
-8.378345891833305;-1.288837194442749;-0.4117704927921295;116.40660896301269;-731.1707664489746;164.58487129211426
-9.707432985305786;-0.02924501895904541;-1.4452435076236725;11.290151023864746;-484.6298671722412;372.99482917785645
-6.775182858109474;1.5328824520111084;-0.6914623081684113;159.24882545471192;-657.3848701477051;330.4614315032959
-8.433154039084911;-1.0831072926521301;2.748674154281616;205.92315330505372;-725.2277351379395;-51.394301891326904
-9.004051052033901;-0.7874518632888794;1.0208576917648315;50.95666065216064;-742.0685173034668;236.54208755493164
-7.387907803058624;-1.6435638070106506;-2.2262468934059143;-40.35720691680908;-674.6061683654785;326.1041507720947
-7.485554739832878;-2.781406044960022;-0.36185234785079956;137.59800567626954;-555.5928207397461;355.6936798095703
-8.560141548514366;-0.19488036632537842;0.19167736172676086;232.49827995300294;-635.0559307098389;305.6671199798584
-9.290671348571777;-1.4171719551086426;-0.23856908082962036;-5.871150648593902;-737.600057220459;53.443692684173584
-5.733334645628929;0.9473875164985657;-0.7101662456989288;175.45072689056397;-758.821809387207;96.16568183898926
-8.552864380180836;-2.1346718072891235;-0.3051392734050751;83.28850164413451;-738.8347602844239;102.78699731826782
-11.022885516285896;0.17798244953155518;0.06077885627746582;98.73278989791869;-605.8531261444092;262.6912651062012
-8.293997123837471;-2.579618990421295;-1.3370074331760406;98.75285997390746;-534.8461414337158;475.2966842651367
-10.052964091300964;0.24718791246414185;1.5385530889034271;137.95574798583985;-606.8708206176758;250.44580078124997
-8.05280338972807;0.15888512134552002;-2.4927332997322083;14.827183628082276;-690.3306079864502;286.0428771972656
-8.31275749951601;-0.6556525826454163;0.9744822978973389;150.18002643585206;-627.0626617431641;338.7158260345459
-7.5512755662202835;-0.34434646368026733;1.2825965881347656;4.118489170074463;-655.4927612304688;334.54339599609375
-8.044848963618279;0.7875099778175354;2.8143703937530518;85.96315755844115;-787.104508972168;186.83908081054688
-7.40992147475481;0.4810810089111328;0.7533833384513855;125.95721855163573;-653.0729080200196;286.36580085754395
-10.86418591439724;0.691281259059906;-1.2075550854206085;146.67786254882813;-642.7941108703614;366.8708667755127
-8.461149595677853;1.539534330368042;-2.1278344094753265;2.329680168628693;-596.733529663086;392.2881374359131
-6.118719466030598;0.4021838307380676;0.6442643702030182;97.14753284454345;-718.9717079162598;260.2978763580322
-7.09092803299427;2.357509732246399;-1.279740035533905;100.75999631881713;-791.8740631103516;102.42896175384521
-5.778355523943901;-0.7354483008384705;-0.27624741196632385;103.0370415687561;-674.578645324707;310.55031394958496
-6.950864754617214;2.335546910762787;0.4294171929359436;111.94914951324462;-706.1055732727051;358.4975395202637
-7.824931293725967;-1.4898955821990967;-1.5230566263198853;-98.83772478103639;-723.0931831359864;284.62927436828613
-8.789378218352795;-1.6518697142601013;-1.9832722842693329;175.18925800323487;-712.9656482696533;199.1682586669922
-6.687604822218418;0.2419397234916687;1.3934679329395294;136.18078365325928;-643.1847835540772;386.0660705566406
-6.87585286796093;-1.921127736568451;-1.6001053154468536;205.20646705627442;-626.7840267181397;287.51936531066895
-7.450080290436745;0.6772667169570923;-2.13048979640007;131.1747802734375;-665.3014064788819;351.5129814147949
-9.3305803835392;1.8929556012153625;2.070339024066925;76.57634868621825;-774.6439529418946;147.87339305877686
-10.105272755026817;0.5859732627868652;-0.6630398333072662;68.39626207351684;-748.1729103088379;208.02950477600098
-7.715522311627865;-0.7123857736587524;1.9500844180583954;148.23398723602295;-720.8865047454834;-146.30950355529785
-10.47079861164093;-0.8017659187316895;-1.802891492843628;128.08680667877198;-644.7241569519043;360.362211227417
-8.256018720567226;-1.972179114818573;-1.4718487858772278;-17.709527170658113;-789.7591949462891;71.9404993057251
-8.320270478725433;0.5749091506004333;-0.0463731586933136;225.0388349533081;-721.6065383911133;6.7126593589782715
-7.882500998675823;-1.0618999600410461;-2.7643203735351562;121.58544673919677;-569.2096591949463;398.70172119140625
-10.126951709389687;-1.9245609641075134;0.4288807511329651;194.52169075012208;-553.9713359832764;349.39070320129395
-6.993284448981285;-0.8889153599739075;1.1059574782848358;-28.075470185279848;-818.0616928100586;39.445812463760376
-9.583509340882301;-1.8722176551818848;-0.910022109746933;-121.79925069808961;-626.026628112793;339.5837459564209
-7.110016420483589;-0.9764939546585083;-2.109687030315399;39.758741998672484;-694.791801071167;252.8480587005615
-9.251083061099052;-2.257990837097168;-1.223999261856079;221.2266363143921;-645.5838085174561;154.3700180053711
-9.520713239908218;-1.0785698890686035;-1.1080294847488403;86.6099847793579;-668.2061172485352;198.84914016723633
-9.671967476606369;1.2818500399589539;-0.9529039263725281;254.44123878479007;-593.0425239562989;258.76637077331543
-9.630220010876656;-0.9944334626197815;-0.26323646306991577;104.38670053482055;-531.578967666626;318.11663246154785
-10.441608354449272;1.3806939125061035;0.6827250123023987;38.04907693862915;-719.4274688720703;236.46072006225586
-6.481446325778961;2.1497949957847595;0.265619158744812;120.14058723449706;-674.8861766815186;301.6377410888672
-6.406494788825512;0.2985253930091858;-0.7649637758731842;68.66248741149901;-687.2933174133301;322.96789741516113
-10.984248295426369;0.8648648858070374;-0.049480050802230835;253.12622680664066;-696.0393787384033;71.44315338134766
-7.2681354358792305;-0.8207246661186218;-0.5391374230384827;-103.11316595077516;-773.2327247619629;126.66023826599121
-6.092048808932304;0.4447728395462036;1.9684843719005585;47.8513099193573;-746.9688774108887;176.79937934875488
-6.9575110450387;0.5022257566452026;-0.06704628467559814;83.96683588027953;-753.5409332275391;141.78321933746338
-6.017262116074562;1.1774495244026184;0.6488174200057983;161.3507761001587;-645.9233547210694;256.2410316467285
-10.40947437286377;1.5379160642623901;-0.3879278898239136;156.54098167419434;-640.4944206237793;166.67896842956543
-6.123630702495575;-0.8722499012947083;-1.4980383217334747;86.25907316207885;-678.2134605407715;261.8573913574219
-7.413266412913799;-2.3020416498184204;0.22014901041984558;-101.15378007888795;-600.2240062713623;407.27025604248047
-6.992270238697529;-1.945120096206665;-1.2259237468242645;-76.4803825378418;-702.1845699310303;212.53098106384277
-7.035012356936932;-0.9687736630439758;1.4093711972236633;51.49298801422119;-647.7031398773194;400.9526023864746
-9.844102710485458;0.8015245199203491;0.7453367114067078;15.2881516456604;-607.1969200134278;335.3198490142822
-10.474735870957375;-1.3392940163612366;-0.567857176065445;-88.23467359542848;-751.2365509033203;208.80921936035156
-8.711370639503002;0.433976948261261;-0.058916956186294556;158.45247402191163;-675.9181476593018;259.5854244232178
-8.474118635058403;2.7571991086006165;0.9704031050205231;103.81865873336791;-783.0804229736328;189.81872177124023
-7.278966531157494;2.3831695318222046;1.3514690101146698;28.401911401748656;-769.10146484375;103.71694421768188
-6.692510470747948;-1.4397785067558289;2.0813405513763428;264.1304077148438;-623.342130279541;194.6692714691162
-6.823849305510521;1.9278153777122498;0.25328323245048523;40.45570864677429;-822.31923828125;119.5526704788208
-6.31663016974926;-0.8767873048782349;-0.054817646741867065;124.02052059173583;-506.0853935241699;438.5163173675537
-6.82882983237505;1.452326774597168;0.3155529499053955;-103.40921030044557;-771.2860275268555;37.51779770851135
-6.812629289925098;-1.728755235671997;1.7044343054294586;56.72474040985107;-740.4928947448731;232.7354965209961
-9.815999865531921;-1.1387184262275696;2.1034620702266693;88.25956478118896;-710.5156684875489;141.7137680053711
-8.578718639910221;-2.009376883506775;-1.0982036590576172;72.50957622528075;-485.1296020507812;398.7726745605469
-8.677417784929276;-1.5349030494689941;1.7999634146690369;99.38703432083129;-757.2158599853516;40.87753987312317
-9.670555964112282;1.682223379611969;0.3841213881969452;101.8131245613098;-746.3312126159668;30.82795000076294
-7.622549124062061;-0.9779065847396851;2.6427268981933594;64.11466255187987;-463.96748790740963;405.1030025482178
-8.936867862939835;1.5296727418899536;1.14278644323349;21.67754545211792;-752.9499031066895;43.851115465164185
-9.399790316820145;0.4867181181907654;2.71260067820549;49.18512954711914;-663.8117290496826;298.4044418334961
-10.106625035405159;0.13596564531326294;1.7835482954978943;-27.79760584831238;-599.6332622528076;314.3387088775635
-7.279052026569843;0.6526350975036621;2.2704944014549255;-38.2078634262085;-723.6574340820313;215.8147487640381
-5.741037614643574;1.0304063558578491;-0.874849408864975;-86.1609040260315;-681.9046379089356;356.89734077453613
-9.24355499446392;-0.2512246370315552;2.299390733242035;24.65351357460022;-665.0728393554688;394.1701469421387
-5.9419529512524605;-0.41938573122024536;1.4615938067436218;106.26703634262084;-791.3374496459961;66.09896278381348
-7.720544748008251;1.5241250395774841;-1.2472674250602722;-61.43482074737549;-621.5906120300293;354.0461025238037
-6.986130215227604;-1.2326717376708984;-2.391842007637024;205.83230152130128;-710.4478050231934;265.2430114746094
-8.27459804713726;0.058338046073913574;0.7977180182933807;-67.45932683944703;-737.3049140930176;235.94519233703613
-9.23023335635662;-1.4479637145996094;1.4247916638851166;249.18611183166507;-629.3584037780762;240.66184616088864
-9.753191471099854;-2.478356659412384;-0.6870590150356293;75.64487113952636;-647.2050357818604;306.1487445831299
-7.082179002463818;0.7725343108177185;0.9812481701374054;62.48420133590698;-747.2324920654297;53.502994537353516
-8.086719363927841;-2.183268964290619;-0.1982755959033966;136.766792678833;-695.5621887207031;279.0773448944092
-9.236480668187141;-0.8449092507362366;2.5074563920497894;144.74687232971192;-668.5538745880127;276.9554386138916
-6.284772232174873;-0.2782166004180908;-1.4753982424736023;-90.07599935531617;-736.2791801452637;269.6722183227539
-6.132703274488449;0.883832573890686;-0.5307935178279877;161.25835075378419;-650.2524543762207;386.2228546142578
-9.557684138417244;-2.086557447910309;0.5360148847103119;216.15736141204835;-713.7737442016602;25.287232160568237
-8.139896392822266;-1.735357940196991;-0.9002834558486938;131.34993209838868;-543.304927444458;413.3301887512207
-8.24875608086586;-1.5252336859703064;-1.753900945186615;94.5956934928894;-743.0269599914551;104.88896942138672
-9.827924519777298;-2.16243714094162;1.2670107185840607;29.19386043548584;-760.3110862731934;87.96586847305298
-9.180152043700218;-1.060299575328827;0.6781943142414093;89.54920663833617;-510.0415588378906;434.1188106536865
-10.096684098243713;-0.37754327058792114;-0.37221014499664307;-94.97657403945924;-639.1367221832276;351.466947555542
-8.877235651016235;0.7895976305007935;-1.4884896576404572;-21.927679038047792;-739.526383972168;141.83009719848633
-9.483946859836578;0.6574183702468872;-1.2209169566631317;57.52511157989502;-741.6703773498535;108.33505725860596
-10.700172185897827;0.10844618082046509;0.6936460733413696;139.65257778167725;-683.6275173187256;255.93567466735837
-8.275672607123852;1.3241395354270935;-1.8042057752609253;96.43718376159667;-657.1637130737305;218.91223526000977
-8.029051311314106;0.046558678150177;-0.38083791732788086;106.55156507492065;-760.3596664428711;125.6381950378418
-7.601249031722546;-0.9361669421195984;1.7909087240695953;147.3448528289795;-703.7868000030518;327.5939998626709
-6.629800423979759;-0.38292109966278076;0.38150399923324585;10.320679092407227;-820.9180809020996;93.98444509506226
-6.3807763159275055;1.4564618468284607;-0.9008042514324188;139.6790994644165;-756.7422462463379;83.05648899078369
-6.701181270182133;0.28708577156066895;-2.419015020132065;83.90972986221313;-701.1655307769776;231.90645790100098
-8.2789845764637;0.8360043168067932;-0.018896162509918213;60.71674003601074;-732.0040107727051;194.50396156311035
-9.433343634009361;-1.6170188784599304;2.1083638072013855;73.15709724426269;-697.0593906402588;303.9425525665283
-8.105387538671494;1.030835509300232;2.397286891937256;-87.36932859420777;-714.2549396514893;289.10216903686523
-9.560052305459976;2.097049355506897;-0.5381964147090912;135.87346687316895;-737.984635925293;113.49289512634277
-7.8376952558755875;1.691552996635437;-1.6680523753166199;131.09033718109131;-660.9600902557373;255.89244461059567
-7.709656096994877;-0.46091973781585693;-2.7071066200733185;-35.908090925216676;-804.3977905273438;106.5553150177002
-9.065589308738708;-0.8612081408500671;2.66801118850708;3.6228249907493595;-758.1391120910645;224.46173286437988
-8.378067053854465;-1.1948615312576294;0.4737451672554016;242.96513214111332;-717.9114986419678;-22.835299015045166
-8.496078662574291;0.616098940372467;0.2922177314758301;132.552720451355;-648.5606456756592;246.7308483123779
-7.901298813521862;-0.9046733379364014;1.8603555858135223;150.4684747695923;-699.0019680023194;312.80331230163574
-8.10618493705988;-0.12193769216537476;2.905724197626114;85.50997867584228;-673.4167266845703;283.63089179992676
-6.497486494481564;-0.05168616771697998;1.3387218117713928;135.23033752441407;-594.3255210876465;318.6760482788086
-8.108346909284592;1.443314552307129;2.443930506706238;90.32039537429809;-780.6214881896973;194.49512100219727
-9.488941356539726;-2.679070830345154;-0.15441253781318665;288.0412925720215;-623.0582595825196;200.83343124389648
-6.413802690804005;-2.259059250354767;-0.06275922060012817;240.8693470001221;-635.1985813140869;271.0345516204834
-10.698922723531723;-0.9345173835754395;0.5936957895755768;19.726824903488158;-559.3993545532227;366.15380859375
-9.45044495165348;-0.7227838039398193;-0.0447593629360199;56.242686653137206;-763.5757423400879;99.60355854034424
-5.793909542262554;-1.0093867778778076;-0.18626153469085693;38.543322229385375;-642.9777885437012;335.2191696166992
-6.910077296197414;-0.11566579341888428;0.6119102239608765;6.392998838424683;-634.978511428833;346.88510513305664
-6.335366517305374;1.119495928287506;1.1093772947788239;149.9083293914795;-669.1816974639893;275.57505226135254
-6.730898469686508;-0.2680465579032898;-1.8322482705116272;233.91551628112794;-629.1557861328125;304.39076042175293
-7.6974911615252495;-2.0012184977531433;1.0867148637771606;170.41986122131348;-683.9920116424561;189.7551498413086
-7.283625192940235;0.006575882434844971;-0.6874099373817444;41.03835597038269;-725.6006408691406;206.965576171875
-10.206513851881027;0.44272541999816895;-0.7502920925617218;-39.358888721466066;-692.6100421905518;173.74858474731445
-8.791698329150677;1.2118399143218994;0.8705534040927887;106.02124586105346;-743.9998794555664;54.4211540222168
-7.965924963355064;1.7887964844703674;0.48195943236351013;41.23531594276428;-671.2483860015869;382.13797187805176
-6.507396139204502;0.12710988521575928;1.2059502303600311;-4.480866944789886;-732.2298599243164;217.27321243286133
-9.476295858621597;-0.8009299635887146;-1.3640329241752625;120.09189262390136;-730.0185180664063;130.389967918396
-5.658950284123421;1.1825323104858398;0.4819437861442566;256.07711448669437;-733.8447929382324;124.06536197662354
-8.1259835511446;-0.2610057592391968;-1.1816874146461487;139.08118858337403;-633.9754081726074;358.67852783203125
-5.767665803432465;-0.938965380191803;-0.47553107142448425;-80.67776784896851;-619.9087882995606;342.96990966796875
-8.370275236666203;-1.9990235567092896;-2.114233374595642;-122.05020532608033;-572.3548389434815;394.5853385925293
-10.502753779292107;0.12067258358001709;1.0212063789367676;182.33617916107178;-707.374923324585;264.0677890777588
-6.9258615374565125;1.1302649974822998;-0.7151439785957336;-13.962069010734558;-732.0451522827149;292.24202728271484
-6.260689347982407;-0.7547467947006226;0.5420409142971039;96.75341262817382;-588.1423927307129;343.38000869750977
-6.231355480849743;0.6120175123214722;0.4800952970981598;152.62459888458253;-666.9186569213867;206.9187126159668
-8.268660306930542;-2.2813305258750916;-0.541551411151886;75.62837734222411;-587.4483657836914;428.4638557434082
-8.569996990263462;0.06521344184875488;0.5774505436420441;140.12700691223145;-675.3238845825196;258.29679107666016
-9.859063848853111;-0.9187772870063782;-0.7880955934524536;30.37760510444641;-709.1312480926514;342.5562343597412
-8.653255552053452;0.6498277187347412;1.8466003239154816;202.30649127960206;-720.1425815582276;121.75647354125977
-10.609636455774307;1.7749249935150146;-0.17573609948158264;240.83764686584476;-657.1861721038819;135.83774185180664
-9.574469178915024;0.48908740282058716;-2.228444069623947;-70.22625432014466;-627.5672031402588;392.09421730041504
-8.608288317918777;0.732770562171936;-1.119491457939148;166.68034687042237;-715.4522491455078;214.84111404418945
-9.900317341089249;-2.345605194568634;0.5733177065849304;102.02182188034057;-617.7571846008301;247.4317417144775
-8.162696287035942;-0.10031461715698242;-1.3492874801158905;71.2085331916809;-703.3047748565674;170.48040962219238
-7.560338079929352;0.045450031757354736;-1.9479990005493164;35.51219000816345;-548.0824924468994;412.37343406677246
-7.288514636456966;-0.6025224924087524;0.9115487337112427;16.99285283088684;-696.0492206573487;279.37843894958496
-8.610638044774532;-0.2692088484764099;0.010482966899871826;178.60094203948975;-653.3501697540283;240.55481529235837
-7.334427908062935;-1.7276957631111145;-0.8651196956634521;93.58949317932128;-715.9038330078125;258.7280616760254
-8.373411744832993;-1.9423440098762512;-2.209523320198059;23.269586706161498;-807.8159690856934;163.3667335510254
-8.076399564743042;0.8963227272033691;0.7173366844654083;25.548677587509154;-772.496125793457;216.36011695861816
-9.470876678824425;-1.7729580402374268;0.40869712829589844;51.220268154144286;-614.5366455078125;304.80955696105957
-7.3302146047353745;2.1106794476509094;1.4159493148326874;27.126817846298216;-743.6999870300293;124.65763664245605
-9.207101538777351;2.302005887031555;-0.6991244852542877;62.59716882705688;-711.703479385376;104.23683500289917
-6.239677034318447;-0.2993166446685791;-1.494596153497696;19.086595916748045;-567.1641708374024;380.478120803833
-9.869341179728508;1.1504262685775757;1.5866272151470184;-0.40977255105972277;-676.9960952758789;309.24474334716797
-5.648701451718807;-1.148959994316101;-0.40493085980415344;150.60154094696045;-638.7187839508057;306.05069732666016
-9.115306846797466;1.433815062046051;2.321295440196991;-30.85308895111084;-713.6374450683594;235.00062561035156
-9.193938598036766;0.6306275725364685;-0.5917288362979889;130.36814346313477;-571.7562557220459;342.19580268859863
-7.871853746473789;-2.233251929283142;0.015664100646972656;-34.20925841331482;-644.4027782440186;387.7566204071045
-7.080951891839504;-1.7717063426971436;-0.6359025835990906;77.19117536544799;-627.7852989196778;304.3938503265381
-9.93100292980671;-1.1288076639175415;0.2934001386165619;80.34930124282836;-594.2197490692139;358.5995063781738
-8.32860879600048;-0.1550227403640747;2.808290719985962;75.26127948760985;-703.8897109985352;185.834246635437
-10.664885491132736;-0.38406550884246826;-1.7551079392433167;-2.983425414562225;-761.3409973144531;11.920658111572266
-9.413903206586838;-0.2828165888786316;0.6155669689178467;121.90724029541015;-766.3133407592774;66.16172647476196
-6.242749840021133;0.8150473237037659;0.5384601652622223;2.088908994197846;-740.3360534667969;266.626745223999
-7.705756276845932;-2.3487702012062073;0.6676621735095978;241.86927452087406;-546.2478042602539;333.5434970855713
-10.387276858091354;0.40070414543151855;1.6576722264289856;-39.93677959442139;-680.6043029785156;270.8540210723877
-9.25196260213852;-1.1298403143882751;1.7573453485965729;107.4203719139099;-760.638272857666;-3.5668315887451167
-9.323759749531746;1.2938708066940308;-1.7626650631427765;36.45353093147278;-741.5162826538086;315.2112922668457
-8.355421386659145;0.028789043426513672;-1.38748437166214;-15.289398139715194;-749.8320747375489;239.57199668884277
-6.639144569635391;-1.7067700624465942;1.663738489151001;-3.134582197666168;-556.1924339294434;419.9874744415283
-9.538252651691437;0.8246541023254395;-1.2942664325237274;186.99167861938477;-713.0463863372803;87.00289106369019
-7.938865385949612;-1.132093369960785;-2.446780353784561;60.31509532928467;-520.532014465332;446.1456356048584
-9.090900421142578;-1.852235198020935;0.09168684482574463;-63.10187087059021;-732.7239585876465;186.24109840393066
-6.586199440062046;-1.8613100051879883;0.3772437572479248;79.93273630142211;-523.6944175720215;379.0016899108887
-7.369037345051765;-0.20068734884262085;0.927376002073288;166.79713382720948;-553.822505569458;319.8600826263428
-8.054778724908829;-0.622674822807312;1.4979466795921326;163.71136322021485;-575.7987094879151;338.7165412902832
-7.305884175002575;2.601367235183716;-0.30181780457496643;-126.02694854736329;-769.6682907104492;229.23211669921875
-6.644843704998493;-0.05474388599395752;2.0793087780475616;-2.459189450740814;-770.1449371337891;170.67493057250977
-7.985669933259487;-0.8554145693778992;-2.055796980857849;101.4542378425598;-785.3825736999512;11.593346357345581
-8.157960511744022;0.33004581928253174;-2.7474023401737213;-180.1958833694458;-694.9613166809082;282.8635082244873
-8.541212417185307;-2.601957321166992;0.42201876640319824;0.3551576972007753;-716.5771175384522;190.1580104827881
-10.361309722065926;0.6414949893951416;0.5580157041549683;107.5787724494934;-647.8597236633301;289.44017028808594
-10.609901323914528;-0.44918060302734375;1.4128893613815308;67.93387069702148;-689.8235202789307;206.69249153137207
-10.357651859521866;-1.6432106494903564;-0.5679599940776825;99.36340227127074;-694.20964012146;291.08368492126465
-6.911950930953026;2.0913630723953247;1.6005009412765503;100.97218408584594;-645.8679080963135;333.3614501953125
-6.619701907038689;-2.3761287331581116;-0.3190174698829651;-117.412894821167;-752.3782707214356;295.9094295501709
-6.591120176017284;-1.889030635356903;-0.18271878361701965;137.73738040924073;-718.6591983795166;278.57174491882324
-5.923199839890003;-0.2490207552909851;-1.2870915234088898;-58.08410511016846;-776.1525131225586;268.3139762878418
-9.001948311924934;1.278117299079895;2.578539401292801;-61.94874272346497;-710.1560665130615;174.77883911132812
-8.524109423160553;-0.7007181644439697;-2.296985685825348;22.214405679702757;-680.3904987335205;404.333101272583
-6.054646521806717;0.14759302139282227;-0.28713494539260864;31.58460988998413;-777.5002838134766;56.28805732727051
-8.797118067741394;0.2384081482887268;-2.4572253227233887;36.38027443885803;-653.2583023071289;328.8819465637207
-7.426288537681103;-0.4477277398109436;-1.5857823193073273;303.4540237426758;-683.7813259124756;37.510101556777954
-8.332476764917374;2.6791200041770935;1.3095706701278687;68.252388381958;-763.5377479553223;68.29328870773315
-7.069636881351471;1.9753307104110718;-0.7444784045219421;6.1273421287536625;-689.1862846374512;217.11536979675293
-10.167315602302551;-1.3961657881736755;0.2514101564884186;77.33509197235107;-656.381852722168;177.24260902404785
-9.358019381761551;-1.1861532926559448;-1.4603734016418457;69.82502117156982;-584.8746467590332;327.2124538421631
-7.396329939365387;0.3829479217529297;1.7396673560142517;32.616845512390135;-631.0980487823487;379.43092918395996
-10.285835713148117;-1.391690969467163;-0.2379298210144043;115.70118083953857;-739.9611450195313;67.7797064781189
-7.494581490755081;-1.0213539004325867;-2.4657435715198517;-97.84854755401612;-712.1383262634278;254.95734786987302
-9.879104420542717;0.0524371862411499;-1.3967961072921753;13.741064214706421;-647.7364707946778;242.37136459350583
-6.176161766052246;-1.016990840435028;-0.8050493896007538;17.342680835723876;-629.5947814941406;350.9032688140869
-8.4737878292799;0.987204909324646;-1.0479725897312164;113.79206314086913;-497.2152782440185;398.0254898071289
-8.169757202267647;1.2505576014518738;-2.5287263095378876;203.23073043823243;-654.6411491394043;247.19647979736325
-9.437546879053116;-0.3635868430137634;-1.066242903470993;-61.498675203323366;-668.9665199279785;302.14208221435547
-8.392724767327309;2.5584250688552856;-0.3555893898010254;180.26022090911866;-648.345153427124;290.69407081604004
-7.08623081445694;-0.24596750736236572;-0.3111116588115692;-21.580834543704988;-697.8936935424805;256.671443939209
-6.976410001516342;1.3116717338562012;-2.236378937959671;-9.731425201892852;-645.5578304290772;348.68543243408203
-9.232782572507858;0.8962422609329224;-1.230691373348236;-9.102765476703643;-752.9288459777832;138.5034999847412
-9.149084240198135;1.4648079872131348;0.17039179801940918;214.93331565856934;-682.9390979766846;227.09447479248047
-9.026598930358887;-0.06228983402252197;-1.124853640794754;25.91588988304138;-584.084317779541;312.0795593261719
-7.072910293936729;0.16417354345321655;0.9396761655807495;-79.01640043258668;-741.5998817443848;183.49883651733398
-9.112496674060822;-0.6636634469032288;-1.3815432786941528;99.96149911880492;-757.7984214782715;80.13392543792725
-9.761866182088852;-1.2224704027175903;-1.9342482089996338;-108.31856117248536;-594.4039989471436;373.42140769958496
-6.468328647315502;0.5000710487365723;-0.02126544713973999;16.372976446151732;-489.4974113464355;439.9027976989746
-7.4930911883711815;0.8628711104393005;0.6599083542823792;16.26552357673645;-810.0232482910156;-2.955023288726806
-6.7693909630179405;0.7371380925178528;-0.14011859893798828;-29.250052428245546;-745.1686073303223;209.1217861175537
-7.8542981296777725;0.814470648765564;2.145257592201233;129.11773338317872;-740.3710723876953;45.663165807724
-8.043928630650043;2.056838572025299;-0.8397504687309265;178.41772212982178;-586.8900657653809;329.41504096984863
-6.327623873949051;-0.16956031322479248;-1.7266921699047089;59.234908962249754;-719.2521739959717;242.17541313171384
-9.726248681545258;-2.2037118673324585;-0.018095970153808594;304.5205844879151;-606.1459232330322;208.26716995239258
-8.895273506641388;-0.3524601459503174;-2.339693158864975;-23.957513129711153;-794.7140289306641;105.36882019042969
-8.57588779181242;0.0648200511932373;-0.9178385138511658;-62.80305132865906;-692.1682430267334;300.0592575073242
-6.321493349969387;-1.4970794320106506;-0.4030488431453705;137.84155025482178;-712.0743824005127;213.24472045898438
-8.436804637312889;-2.646656334400177;0.4514850676059723;-13.329404747486114;-679.1925312042237;342.6274166107178
-7.918308489024639;-1.0893389582633972;-1.8662631511688232;-21.443718230724336;-462.3752714157104;435.88537788391113
-9.474803879857063;-1.343567669391632;-1.337161660194397;195.45590057373047;-533.0285049438477;387.1786079406738
-6.787157244980335;1.5755027532577515;1.6121014952659607;-64.60689411163331;-686.7539001464844;296.2580451965332
-8.661234006285667;1.810428500175476;1.559121161699295;135.36689414978028;-664.9927307128906;274.4824562072754
-9.294001199305058;-0.9260237216949463;-1.423933357000351;26.505557441711424;-620.6480194091797;346.72611808776855
-9.019770473241806;2.2200867533683777;0.09347498416900635;158.57525482177735;-620.3581691741944;372.0319232940674
-8.291583135724068;-0.6681829690933228;-2.2424787282943726;179.33907165527344;-739.8752571105957;121.53940773010254
-9.477368742227554;0.296938419342041;-2.3820966482162476;251.13449707031253;-678.0967308044434;62.7724370956421
-10.125933587551117;-0.9935975074768066;0.764145702123642;120.9091438293457;-619.2054916381836;333.44153022766113
-7.3730310425162315;-0.9370565414428711;-1.4821238815784454;124.87426414489745;-529.1555667877197;418.18053817749023
-9.623551368713379;-0.8637338876724243;-1.685989648103714;-51.7668484210968;-502.34025726318356;416.2786445617676
-7.117932289838791;-0.15527307987213135;-0.358562171459198;68.30078258514403;-562.8140140533447;377.5906047821045
-7.667334191501141;0.7982164621353149;-2.2078201174736023;115.67043914794921;-717.7738834381104;230.33781623840332
-8.460462279617786;1.871412992477417;-0.8110329508781433;93.46231355667113;-661.3712478637696;336.63159942626953
-6.252296268939972;1.2630745768547058;0.8076019585132599;207.05478801727295;-680.8309818267822;182.0284423828125
-5.874155648052692;-0.6225049495697021;1.6007378697395325;-71.99412689208985;-746.9887329101563;308.7356815338135
-8.797036483883858;-1.312592625617981;-0.27177929878234863;81.79469718933105;-722.0930839538574;177.10928535461426
-6.491463258862495;-2.018474042415619;1.226777583360672;27.791655206680296;-748.2157112121582;183.13115215301514
-6.378927826881409;1.6202956438064575;1.5464767813682556;-35.78939423561096;-784.0580345153809;25.688358306884766
-7.612684182822704;-0.7212460041046143;2.571623772382736;171.49215831756592;-644.6361518859864;321.1322937011719
-8.100757375359535;2.198164165019989;0.7594406604766846;167.58746280670167;-630.3055454254151;331.1499652862549
-6.624927185475826;0.6134390830993652;-1.7752781510353088;101.53833761215209;-775.4923034667969;85.18005466461182
-6.862769275903702;0.052951276302337646;-0.83150714635849;-98.18697080612183;-653.9991355895996;325.17572021484375
-9.4028290361166;-1.7693862318992615;-1.5996873378753662;31.81044473648071;-773.2574440002442;124.78382205963135
-8.327324129641056;-1.848377287387848;1.5989743173122406;-6.3732101082801815;-632.2930122375489;435.03636932373047
-7.589931786060333;-0.9770169854164124;-1.6191087663173676;49.51918973922729;-523.3941818237305;396.20270347595215
-8.944626152515411;-2.7022182941436768;1.0475747287273407;9.991479063034058;-679.5606018066406;376.1769733428955
-8.533656410872936;-0.547344982624054;0.6075672805309296;72.55511655807494;-505.9902072906494;389.0995845794678
-8.82409829646349;1.2069225311279297;-1.6849212348461151;-12.457262134552002;-635.5435062408447;375.0838623046875
-8.728335052728653;-1.3190969824790955;2.1450184285640717;24.43776741027832;-654.3189979553223;313.3634147644043
-8.24134424328804;0.39212554693222046;-2.036471664905548;95.65439357757568;-742.0432258605957;235.65242385864258
-5.917652137577534;1.0443627834320068;0.6539627909660339;-10.245956933498382;-628.4532905578614;311.93461990356445
-9.382405132055283;-1.8180280923843384;0.5351968109607697;113.22419300079345;-747.7445579528809;72.13007068634033
-9.875732660293579;2.386307716369629;0.4018351435661316;-23.98616806268692;-685.0991989135742;269.0375003814697
-7.159884832799435;2.406209707260132;-0.2609632909297943;45.82953944206238;-752.1449829101563;286.13279914855957
-6.686338596045971;-1.742255687713623;1.1574625968933105;176.7907299041748;-796.1526657104492;79.17652702331543
-9.64822992682457;-1.2903302907943726;1.0159894824028015;63.43057765960693;-420.9503484725952;410.6703243255615
-8.110910654067993;2.0339637994766235;1.8545933067798615;152.58407249450684;-754.4683052062989;-102.16983461380005
-6.532720103859901;-1.490369439125061;-0.22682547569274902;15.863932514190674;-663.8553024291992;412.3285446166992
-6.357354484498501;0.70686936378479;-0.7477305829524994;165.5478967666626;-778.9689041137696;2.0963630676269536
-7.934361509978771;-0.24254769086837769;-2.910976856946945;126.94617404937743;-469.6548868179321;418.1015453338623
-7.911849953234196;0.8230134844779968;-1.6213998198509216;134.1444076538086;-659.8966194152832;384.2775020599365
-8.94991010427475;2.3138031363487244;0.2546578645706177;-8.744404470920562;-642.3479629516602;340.59388732910156
-9.573892503976822;-1.4600962400436401;0.5099371075630188;164.31458129882813;-656.1534572601319;186.67803382873535
-9.205380454659462;1.42410546541214;-2.0339079201221466;-122.03625068664552;-612.8929592132569;371.8455562591553
-10.371066257357597;-0.7075801491737366;-0.19698813557624817;89.12841453552245;-620.3287578582764;339.19424629211426
-6.813184171915054;0.5929425358772278;-0.23032799363136292;17.151417875289916;-664.4905925750733;278.1083736419678
-6.225413270294666;-0.9732618927955627;0.38913264870643616;57.58765354156494;-785.2142311096192;77.89861536026001
-7.201715558767319;-1.5628382563591003;-0.29165446758270264;73.60026969909667;-606.5225196838379;365.2810535430908
-6.815980933606625;0.8119985461235046;-1.4291346073150635;-51.97927579879761;-611.9118858337403;360.66419219970703
-9.07598901540041;-2.02697217464447;0.5361825227737427;64.48402776718139;-596.304891204834;331.47228813171387
-9.13628675043583;1.5489757061004639;1.783628761768341;128.6189998626709;-631.9094635009766;311.6411647796631
-7.8812845051288605;0.8499696850776672;-2.0418159663677216;3.8711456894874576;-727.1543479919434;241.63768386840817
-8.533457480370998;-2.006109058856964;-1.1116303503513336;-15.541466331481933;-678.6673618316651;231.55106163024902
-10.200503468513489;0.43756216764450073;1.455952227115631;149.6847261428833;-608.9009738922119;331.5406951904297
-7.9727355390787125;-2.6084527373313904;-0.8035451173782349;39.87122311592102;-677.5317932128906;251.1938152313232
-8.361587673425674;0.4294484853744507;0.5360953509807587;74.22762765884399;-476.3547159194946;412.9141674041748
-10.258467122912407;-1.7064839601516724;-1.442158967256546;-7.878509616851806;-504.55543289184567;390.7720241546631
-9.949589520692825;-1.7291441559791565;0.042032450437545776;163.57359066009522;-603.9719177246094;288.57299423217773
-8.352882787585258;-1.4047443866729736;-1.3785526156425476;176.82494773864747;-657.2417045593262;267.0300922393799
-7.213278114795685;-2.4545297026634216;-0.5951844155788422;22.781764411926268;-680.9997821807862;328.302188873291
-8.42754989862442;-0.760987401008606;2.077952027320862;17.752518796920775;-765.0748611450196;185.33100700378418
-9.068950451910496;-0.9088754653930664;2.195240557193756;60.8765567779541;-757.1623588562012;149.1758451461792
-10.466238856315613;-0.4699230194091797;-0.09973570704460144;-61.453732109069826;-698.0498767852783;220.17317390441895
-9.061875566840172;0.5666166543960571;-2.2419020533561707;31.72706022262573;-805.894734954834;113.04278469085693
