x;y;z;vx;vy;vz
-9.332406520843506;-0.01519918441772461;-2.12060809135437;127.15455665588378;-730.73383102417;145.99483108520508
-5.679932422935963;0.8682847023010254;-0.7978633046150208;6.60489513874054;-729.1415000915528;287.279239654541
-8.915683999657631;0.5163878202438354;1.6958311200141907;93.17846431732177;-765.8471084594727;185.95395183563232
-10.678218305110931;0.7841482758522034;1.2476004660129547;-44.42673668861389;-799.9895835876465;83.39786624908447
-8.61740168184042;0.9088620543479919;2.662130445241928;65.98070039749145;-747.9805351257324;237.8712615966797
-6.609037891030312;-2.0009368658065796;-1.1153988540172577;155.51294460296631;-540.2578807830811;378.93843269348145
-7.6189180836081505;-1.4556705951690674;-2.0199425518512726;193.1505168914795;-504.54664955139157;375.83917236328125
-8.289974927902222;0.2520427107810974;2.0040951669216156;-15.7579509973526;-609.0824485778809;393.67613410949707
-7.215636223554611;-0.9623318910598755;-0.501713901758194;16.04976668357849;-707.574250793457;365.8542881011963
-5.878090113401413;-0.6803825497627258;1.392500102519989;-89.26079378128053;-799.4553161621094;212.66067123413086
-8.494360372424126;2.849167585372925;-0.811980664730072;129.9408639907837;-763.3553291320801;195.53401565551758
-7.519548945128918;0.369514524936676;1.2988507747650146;225.98385944366456;-754.8251892089844;136.04055976867676
-9.695297107100487;-0.30993372201919556;-0.7502630352973938;237.2991050720215;-657.506005859375;280.29691314697266
-10.450741276144981;-0.16032010316848755;1.5135101974010468;-44.86668691635132;-713.4140563964844;230.1862678527832
-7.563287392258644;2.0497888326644897;-0.5355477333068848;146.89837589263917;-666.5797973632813;333.603120803833
-8.394896239042282;1.4047086238861084;-2.3765668272972107;186.21897354125977;-707.981088256836;318.962064743042
-7.449574023485184;0.18841177225112915;0.24682581424713135;-50.57307586669922;-672.3204399108887;411.9879684448242
-9.189631417393684;1.3741090893745422;-1.202094554901123;127.93507232666015;-629.8587394714356;313.11708068847656
-8.757743798196316;-0.08444041013717651;2.5437958538532257;-99.38503131866456;-774.279859161377;132.3257646560669
-6.538418680429459;-0.7747113704681396;-0.7856234908103943;48.64795818328857;-797.8682495117188;252.77973747253415
-8.459025621414185;0.002968311309814453;-2.5892503559589386;45.979503536224364;-655.5291248321533;393.6683807373047
-7.610893249511719;0.7563963532447815;-2.2742629051208496;-120.03766164779664;-674.2127490997315;274.2115173339844
-6.455186381936073;-1.17436945438385;-1.7065197229385376;96.63167610168456;-658.7923789978028;291.7526206970215
-6.070386059582233;0.32162368297576904;1.5351668000221252;12.536780977249146;-769.4042755126953;154.87184143066406
-6.838048808276653;-2.03617662191391;-0.7317423820495605;195.20929470062256;-722.8040481567383;173.38938331604004
-8.151832222938538;-2.3082509636878967;-0.5167007446289062;-20.72235063314438;-632.5069881439209;377.56843185424805
-10.393581166863441;-1.7577141523361206;0.3506898880004883;188.94834651947022;-541.532466506958;371.3492832183838
-10.55590845644474;0.36530792713165283;-1.469944417476654;117.62245788574218;-643.4428478240967;312.44994735717773
-9.11088790744543;-1.2305527925491333;1.2283533811569214;63.87702598571777;-759.4915176391602;-13.62224006652832
-9.52749252319336;0.7434859871864319;-0.27307793498039246;-17.24249646663666;-764.1755844116211;234.27186584472656
-8.172659575939178;1.191258430480957;-0.1769520342350006;4.661377215385437;-702.363126373291;331.76316833496094
-8.497302420437336;-1.1349186301231384;0.8187822997570038;72.05812110900878;-729.3836570739746;213.8547191619873
-9.476788714528084;1.3835996389389038;1.407911628484726;61.67814388275146;-764.4205451965332;210.02349472045898
-8.547155186533928;-2.504490315914154;-0.4323899745941162;32.20939650535583;-791.6523338317871;224.9431858062744
-7.046472653746605;-0.054167211055755615;-1.3130754232406616;22.62382879257202;-562.3575378417969;424.6051654815674
-7.079331390559673;2.1782174706459045;0.2095945179462433;-53.022497749328615;-765.5994583129883;217.31518363952637
-8.356455713510513;-0.4519253969192505;-2.9420435428619385;112.10478916168212;-676.8009735107422;343.4483871459961
-8.493955805897713;1.5623018145561218;-2.4651847779750824;241.79817810058597;-613.163383102417;317.2847900390625
-7.695024088025093;-1.2550994753837585;-1.9772395491600037;136.13663806915284;-776.5151191711426;140.57154750823975
-6.6220661625266075;1.7157062888145447;1.5385240316390991;155.97484245300294;-753.61806640625;166.3267765045166
-7.248950935900211;0.9591713547706604;-0.612882524728775;120.61975135803222;-783.9628768920899;120.96665954589844
-8.78213569521904;2.1458297967910767;-0.3260873258113861;176.6583646774292;-730.2645660400391;188.634015083313
-8.030949532985687;0.26018768548965454;-1.9638016819953918;-30.642508721351625;-813.2919670104981;51.38271188735962
-7.367540895938873;-2.0065203309059143;1.8675796687602997;9.037485265731812;-731.4600730895996;247.28768920898435
-7.569391652941704;-1.4573559165000916;-1.772618293762207;-6.655252432823181;-636.7229629516602;351.13392448425293
-6.8413009867072105;0.3450527787208557;1.3477765023708344;141.81061878204346;-664.7558952331543;300.4907283782959
-6.222149357199669;-0.7384747266769409;-0.8242473006248474;195.1620735168457;-749.9458862304688;165.39996242523193
-8.05930495262146;-1.7050668597221375;0.85335373878479;-85.2079616546631;-665.2438140869141;292.27161026000977
-8.280673250555992;0.3996536135673523;0.32372698187828064;-8.23327556848526;-656.4102912902832;382.19876861572266
-6.434088572859764;-0.4313260316848755;-0.8519724011421204;34.92608799934387;-589.8790050506592;488.0796203613281
-8.424901217222214;1.621176302433014;1.4793924987316132;-60.27830228805542;-689.0799118041992;301.878324508667
-9.863738715648651;-2.268187701702118;0.7447510957717896;266.077963256836;-533.8383460998535;322.4117431640625
-5.642403848469257;-1.2343928217887878;0.3286711871623993;-28.76238570213318;-556.5504051208496;427.9715881347656
-8.820843324065208;-2.2987335920333862;-0.896809995174408;4.978405380249024;-797.0001579284668;173.2192096710205
-6.596468389034271;1.5635401010513306;-0.7029443979263306;92.97109022140502;-766.043660736084;241.15428543090817
-7.481562159955502;-1.6421645879745483;-0.38669854402542114;104.74809780120849;-689.4387126922608;396.6726551055908
-9.905138611793518;1.6565904021263123;-0.2219080924987793;43.65158929824829;-650.7700134277344;308.2057342529297
-6.518443487584591;-1.8895357847213745;-1.1454641819000244;67.31131925582885;-674.6894813537598;380.2488670349121
-7.3867058381438255;-1.0873004794120789;0.8048102259635925;239.44424285888672;-725.207364654541;-14.122647285461426
-8.436316810548306;-1.987329125404358;1.2760162353515625;30.112295293807982;-797.234075164795;156.98344802856445
-6.825029477477074;-0.8998990058898926;1.6319431364536285;111.78857460021972;-566.4173007965088;452.9610786437988
-7.945365831255913;-0.21278858184814453;-2.256806194782257;143.26846733093262;-783.5160423278809;135.2391300201416
-7.167942635715008;0.6327152252197266;0.8225619792938232;79.70795288085937;-641.9397235870362;311.8809757232666
-6.276391446590424;1.4682769775390625;-1.091676950454712;-10.431971704959869;-793.5249305725098;324.6964702606201
-5.845159851014614;0.5751192569732666;1.4651678502559662;-69.81098756790162;-720.1841236114502;360.3937110900879
-9.640758857131004;-1.7086073756217957;-1.880977302789688;73.20436849594115;-764.8795104980469;129.1160831451416
-7.271935231983662;1.4507442712783813;-0.8500859141349792;266.1262001037598;-700.078084564209;168.87975311279297
-9.119227342307568;0.8945971727371216;-2.1493256092071533;90.55046453475951;-560.6023288726807;377.6368103027344
-8.720126934349537;1.9526347517967224;0.7136911153793335;110.43336524963378;-553.2454372406006;383.2405815124512
-6.415802054107189;2.112109959125519;-0.6105937063694;-16.628378784656526;-807.7576614379883;161.11098861694336
-9.753482043743134;-1.5575677156448364;-0.3439798951148987;67.94842615127563;-731.956803894043;283.25232124328613
-6.593324616551399;0.6265327334403992;-0.8166119456291199;111.135689163208;-783.6677337646485;122.63434982299805
-6.777413561940193;1.9455939531326294;-0.11617764830589294;62.061613941192626;-695.4165054321289;359.2576560974121
-8.893242850899696;-0.19299834966659546;2.5421127676963806;126.8816436767578;-739.0544296264649;-16.417681217193604
-5.4787443950772285;-0.25094300508499146;0.051809102296829224;95.59944763183593;-772.3660636901856;300.0575408935547
-7.518201693892479;0.8452266454696655;-0.9288579225540161;47.73468389511108;-642.6328350067139;455.76244926452637
-7.302072644233704;-1.2115135788917542;-1.9122876226902008;-126.36253938674928;-750.5121398925781;233.9153823852539
-6.759328208863735;-1.883898675441742;0.6950967013835907;225.41880741119385;-689.4109893798828;213.32488632202148
-9.039364568889141;1.6347795724868774;0.49127787351608276;112.1171058654785;-738.365323638916;253.45253562927243
-8.083733171224594;-1.1672750115394592;0.3346458077430725;127.33156814575194;-749.4427467346192;223.1366786956787
-7.185934670269489;-0.34191906452178955;-1.8488042056560516;-107.07286462783814;-576.6327548980713;410.4255065917969
-9.766757860779762;1.4093711972236633;-0.6595596671104431;187.4599708557129;-684.2457271575928;146.29973030090332
-7.359364069998264;-1.5399813652038574;-1.4710396528244019;-115.12249574661256;-703.4033657073975;256.79283714294434
-6.767307221889496;0.7467314600944519;-0.3685310482978821;232.4965919494629;-595.6052852630615;317.7543411254883
-8.770607225596905;-0.4381343722343445;2.6366405189037323;-115.24085626602174;-772.1048522949219;-9.989155769348145
-9.198855981230736;1.1101439595222473;1.602494716644287;29.628063583374022;-709.8461032867432;285.19318199157715
-9.325692057609558;1.7710626125335693;-1.9076809287071228;180.56144371032715;-667.85710105896;259.27526092529297
-9.893467649817467;-0.9369358420372009;0.806707888841629;134.54223289489747;-738.2799507141114;241.99568367004392
-8.377590402960777;-1.1943072080612183;-2.4538367986679077;138.21092262268067;-601.7403198242188;369.2328128814697
-8.67695678025484;0.23855119943618774;-0.6446152925491333;105.3411449432373;-785.8316970825196;1.5976009368896489
-8.520886301994324;0.48503726720809937;0.5891159176826477;163.21194305419922;-769.3801856994629;61.382144451141365
-10.079663246870041;0.6304889917373657;1.5005506575107574;126.24234809875487;-709.2724395751953;237.13975524902344
-9.328033961355686;0.7356896996498108;-0.7849082350730896;36.36299028396606;-726.4567733764649;208.06398010253906
-8.678335323929787;-1.4423131942749023;-1.1956371366977692;-12.762125587463379;-623.8769985198975;362.96468353271484
-9.235045686364174;0.6434440612792969;2.0277634263038635;3.268967413902283;-724.9787689208985;241.01924514770505
-7.27020688354969;1.138356328010559;1.6178347170352936;72.48254671096801;-830.683381652832;-16.655138969421387
-8.33479966968298;-1.48564875125885;1.2014798820018768;156.87882556915284;-737.7195335388184;-10.035025119781494
-8.091088570654392;-0.018069148063659668;-0.8828803896903992;80.3552092552185;-788.5045219421387;118.51825332641602
-7.096335478127003;2.2477805614471436;-0.7509782910346985;11.827329540252686;-793.190763092041;299.81114959716797
-7.411841489374638;1.2488096952438354;-1.1481598019599915;24.367221736907958;-777.5687194824219;141.57432174682617
-8.65742526948452;1.095445454120636;2.7569666504859924;197.16955318450928;-640.5593658447266;345.2032527923584
-6.8907855078577995;-0.9592026472091675;-0.9005874395370483;203.8248504638672;-667.5588966369629;278.40620613098145
-7.750276476144791;-0.470714271068573;0.02173706889152527;195.41474475860596;-704.549520111084;307.36058807373047
-5.620669573545456;-0.16922950744628906;1.1872351169586182;60.883208656311034;-771.6694618225098;301.7596206665039
-6.270439177751541;1.10233873128891;-0.32067596912384033;201.19056358337403;-722.5585437774658;283.2370719909668
-7.328904792666435;-1.227240264415741;0.3642618656158447;182.90705337524415;-692.7399612426758;311.08063316345215
-8.543720841407776;0.15390068292617798;2.061215043067932;109.86083164215087;-749.3312240600586;159.2741117477417
-6.5612683072686195;-1.9467830657958984;1.2958891689777374;21.334347867965697;-683.329341506958;265.606990814209
-7.039542496204376;-2.552618086338043;-0.20795390009880066;68.40083255767821;-761.5047050476074;164.29150199890137
-9.17372815310955;2.5571152567863464;-0.06154105067253113;123.66167678833007;-693.4635711669922;169.76998901367188
-6.450377963483334;-1.1504888534545898;1.5167266130447388;90.75911178588866;-564.7625137329102;377.41493797302246
-9.027319215238094;-2.5454431772232056;-0.9989731013774872;269.05233993530277;-694.4308830261231;97.78911209106445
-8.857920952141285;-0.06623715162277222;0.37842392921447754;204.95918884277344;-726.6280914306641;103.01950550079346
-10.032422840595245;-0.14202743768692017;0.04836916923522949;159.96951713562012;-552.7283931732178;385.72832679748535
-7.805440574884415;1.4676287770271301;0.2538353204727173;33.518897438049315;-755.284326171875;246.15097618103025
-7.819176837801933;-1.458236575126648;-2.223363518714905;178.56426372528077;-582.6708866119385;327.9569778442383
-6.559358909726143;1.727883517742157;-1.2745141983032227;-125.50011262893678;-711.8444133758545;283.31560707092285
-7.40247555077076;0.45156776905059814;2.1830230951309204;205.03288879394532;-554.2077423095703;336.6925392150879
-9.292945638298988;-0.6786927580833435;-1.0407909750938416;-88.21355924606324;-790.392854309082;138.25659370422363
-7.175561785697937;0.35959482192993164;1.7848491668701172;81.32536783218383;-795.8453918457031;86.18796443939209
-6.025650724768639;0.5127847194671631;-1.840357482433319;59.23814191818237;-546.4933372497559;428.3302459716797
-10.823895782232285;0.6170332431793213;1.1525385081768036;36.29992618560791;-762.832219696045;237.75272941589355
-10.056596249341965;0.8856207132339478;-0.2152472734451294;53.20106163024902;-750.6686378479004;151.5692195892334
-10.169097036123276;-0.40336400270462036;0.11454373598098755;179.01491775512696;-645.8605266571045;270.8357391357422
-9.669450670480728;0.9871512651443481;-0.11118650436401367;114.57495346069335;-705.9394622802735;162.73084259033203
-9.898750483989716;2.306605875492096;0.45890361070632935;-16.506954735517503;-739.9797988891602;156.50837516784668
-9.169101901352406;-0.8410423994064331;0.13007372617721558;-27.45371804237366;-706.8204570770264;208.55003929138184
-8.55204239487648;-0.6482630968093872;-0.8748538792133331;64.07472267150878;-650.1363254547119;292.8205261230469
-8.113157004117966;-1.8716365098953247;-1.0853290557861328;210.0363458633423;-691.0020328521729;157.30868911743164
-5.8516524732112885;-0.978541374206543;0.5897797644138336;38.403378868103026;-673.628699874878;470.4147205352783
-10.180550068616867;-0.4625961184501648;-0.24772882461547852;44.562760734558104;-655.1550746917725;318.02404975891113
-8.785201795399189;2.8191670775413513;-0.8456513285636902;213.60354080200196;-663.5881973266602;202.21461868286133
-6.560403294861317;-0.14423131942749023;0.8752226829528809;30.053222322463988;-694.1841484069824;304.32587242126465
-7.439733110368252;0.19202828407287598;-2.469811588525772;-6.40784010887146;-583.4211040496826;424.7424087524414
-8.39898269623518;0.21110326051712036;2.7819760143756866;46.30587472915649;-730.4125381469727;166.32208442687988
-7.894632406532764;-2.824491262435913;0.8011624217033386;21.617893123626708;-702.5632835388184;241.094518661499
-8.151926100254059;1.4943614602088928;-2.1560467779636383;72.84546747207641;-648.5955501556397;383.5385284423828
-6.649405136704445;-1.3462051749229431;1.8511824309825897;185.74528827667237;-538.220231628418;365.1976833343506
-8.11242163181305;1.6466796398162842;-0.4565790295600891;-113.59098300933839;-661.8569065093994;373.31411933898926
-8.842630125582218;0.42950212955474854;-2.111479640007019;50.333944702148436;-646.6774059295655;410.593563079834
-10.131251066923141;1.4723584055900574;-0.8862107992172241;19.516772174835204;-727.4273468017578;176.40039539337158
-7.980819046497345;1.726698875427246;0.5166158080101013;-63.280877923965456;-796.7958236694336;141.36277770996094
-8.394639194011688;-2.718713879585266;0.1347362995147705;224.45055141448975;-640.7481075286865;345.0918159484863
-10.475418716669083;0.48547089099884033;1.9728921353816986;42.45922937393188;-801.8618942260742;53.01770782470703
-7.311715185642242;2.37932950258255;-0.10002180933952332;151.64132251739503;-688.4554935455322;207.07861518859863
-6.792671419680119;-2.372726798057556;0.9418308734893799;-25.786561524868013;-617.2287536621094;433.3219871520996
-11.062899604439735;0.2351135015487671;0.532282143831253;59.21503915786743;-777.16205368042;-17.34390163421631
-6.685331650078297;-0.21289587020874023;0.69136843085289;-69.61669907569886;-766.1598754882813;258.15502738952637
-6.923714652657509;0.1266583800315857;-2.3677781224250793;121.25145092010497;-717.7005554199219;348.6592254638672
-7.149370014667511;-1.3802558183670044;-1.1141404509544373;-14.916656917333603;-608.0629516601563;418.4509620666504
-8.808751590549946;0.16575604677200317;-2.3639291524887085;0.227531933784485;-506.5830112457275;393.9888725280762
-10.377638787031174;-2.0756274461746216;0.3017440438270569;117.4761022567749;-763.326203918457;-32.91773700714111
-7.861912250518799;-0.9212806820869446;-0.9966842830181122;160.92748775482178;-577.5650478363037;390.61395263671875
-8.19796621799469;-2.079235017299652;-1.1839427053928375;154.41315307617188;-763.0328918457031;233.08027839660645
-7.04952422529459;-1.5896603465080261;-0.4757992923259735;202.2263397216797;-625.7549739837647;360.8059844970703
-10.69071963429451;-1.1183381080627441;1.2767337262630463;41.93333759307861;-727.89541015625;138.38502502441406
-7.332484982907772;1.053290069103241;2.0487606525421143;26.660649919509886;-725.4007698059082;380.5466136932373
-8.568532392382622;0.9974151849746704;0.9605616331100464;-87.73953065872193;-789.4021392822266;203.65560150146484
-7.462267577648163;0.5176395177841187;1.0588064789772034;278.3150733947754;-640.3501964569092;292.00871086120605
-6.196896918118;1.5478581190109253;-0.013015419244766235;4.823230648040772;-719.807841873169;364.94288063049316
-9.661189466714859;-0.06361305713653564;-1.2849211692810059;-20.538863396644594;-766.3317085266114;36.764161348342896
-8.966082148253918;1.966734230518341;1.261427253484726;17.456728363037108;-708.0627418518067;294.9886951446533
-5.919149145483971;-1.1610344052314758;-0.3987058997154236;164.999853515625;-714.8842502593994;299.66729736328125
-6.890388764441013;-0.46623051166534424;-0.198432058095932;-91.04913339614869;-625.9185386657715;355.29694175720215
-8.197934925556183;-1.4144763350486755;-2.0755022764205933;99.73674430847167;-668.0127979278565;279.532075881958
-8.305522799491882;-1.2647375464439392;1.2911505997180939;139.83362331390381;-738.8978172302246;172.62617683410645
-7.9891132190823555;-2.557794749736786;0.31961873173713684;-18.853728032112123;-679.3269134521485;267.56415939331055
-8.78078117966652;2.106897532939911;1.7752490937709808;74.47105064392089;-764.5835090637207;307.88035011291504
-6.960659846663475;1.8665224313735962;-0.6362088024616241;153.3397258758545;-631.7571426391602;342.3523864746094
-6.5468184649944305;-0.6141990423202515;0.6171628832817078;166.87176361083985;-669.572599029541;275.9922180175781
-9.81530025601387;1.2174367904663086;-0.31289979815483093;20.7599796295166;-727.4901748657227;253.56752014160153
-10.713911801576614;-0.8423522114753723;1.1559292674064636;259.01312484741214;-633.7766242980957;199.14688682556152
-10.15704944729805;-1.2596234679222107;1.4839701354503632;76.01016654968261;-652.4649406433106;368.3040962219238
-6.806730665266514;-0.34538358449935913;-1.9923627376556396;124.18165340423583;-779.1305519104004;98.60305166244507
-6.123379245400429;-0.682590901851654;1.4888137578964233;-145.29164657592773;-761.3689208984375;261.22204399108887
-9.498725831508636;2.2353574633598328;1.1861197650432587;243.21627273559574;-712.3591400146485;95.80910539627075
-9.358650259673595;1.7498418688774109;-1.51742622256279;173.76748695373536;-653.2389331817627;345.7949409484863
-6.0329413041472435;-1.7200469970703125;-0.8556090295314789;150.9139503479004;-500.75613746643063;442.8754005432129
-7.835571840405464;-2.1086275577545166;0.32115206122398376;142.16851844787598;-662.9296184539795;266.06489753723145
-9.386210516095161;-1.7694443464279175;-0.4421554505825043;132.55400791168213;-788.2196784973145;201.63454627990723
-8.090545423328876;2.294643223285675;-1.8535874783992767;93.9917100906372;-769.1848350524903;130.6626377105713
-8.459759317338467;-1.5414565801620483;2.4115964770317078;46.886655235290526;-639.9730850219727;316.4204750061035
-7.048860378563404;0.03477036952972412;1.3340994715690613;328.1499160766602;-654.3832565307617;236.52369117736816
-9.803958982229233;-0.28339773416519165;2.5406017899513245;39.34121503829956;-782.14252243042;109.56717109680176
-5.873176641762257;0.570175051689148;-1.3950236141681671;83.45763816833495;-782.255933380127;147.725492477417
-9.572199359536171;-1.1574625968933105;-1.859128475189209;-27.87307963371277;-807.9705215454102;154.65394592285156
-10.232939198613167;-0.9091347455978394;-1.5760168433189392;101.54365196228026;-756.25140914917;71.58860063552856
-7.590776681900024;1.9889473915100098;-1.6328595578670502;175.1609624862671;-775.6976676940918;129.0904197692871
-7.582322135567665;2.39422470331192;0.25355368852615356;-102.6229868888855;-721.9568992614746;240.3422698974609
-7.229244522750378;-1.2886270880699158;0.7098376750946045;118.31326618194579;-699.4322372436524;321.23677825927734
-10.968312621116638;1.1347755789756775;0.11705160140991211;19.974771881103514;-776.3942695617676;37.73266410827637
-7.174907438457012;0.11313557624816895;-1.7951823770999908;-32.4333535194397;-693.4852005004883;326.55121421813965
-9.336934983730316;-0.2477020025253296;0.7390603423118591;-0.13438389301300036;-665.7746196746826;351.7365131378174
-7.10321981459856;1.0635942220687866;-0.8741721510887146;43.35019483566284;-773.1492401123047;177.44474029541016
-8.039804175496101;-1.9606366753578186;0.04663914442062378;111.72906532287597;-626.4052272796631;342.013240814209
-8.110972121357918;0.373077392578125;1.815526932477951;-6.2980447769165036;-688.5751701354981;334.7977123260498
-8.47762618213892;2.064827084541321;-0.6041765213012695;-37.395679807662965;-724.4188667297364;297.11769676208496
-7.951437681913376;0.8636131882667542;1.0914377868175507;63.651791954040526;-572.0171810150147;377.23703956604004
-6.520283594727516;1.6304880380630493;0.033489614725112915;156.38524188995362;-770.0999046325684;241.2010345458984
-10.999295487999916;-0.902867317199707;-0.23106783628463745;-1.3898132801055907;-710.8780456542969;226.97994804382324
-7.866873219609261;-0.591704249382019;0.14417991042137146;178.35316314697266;-635.245959854126;346.48739433288574
-7.655587792396545;-0.11879503726959229;-0.4481501877307892;-113.30611810684205;-790.2741218566895;176.1184844970703
-10.231856256723404;-1.4352992177009583;0.7015541195869446;91.88392295837401;-766.7190910339356;12.092115640640259
-10.446569323539734;0.3765195608139038;0.709591805934906;287.3243774414063;-567.0995975494385;287.38781547546387
-7.198970764875412;1.1328309774398804;-2.5222644209861755;156.60514011383057;-722.2159076690674;283.9367923736572
-7.494906708598137;0.3399699926376343;-1.0487481951713562;49.90823163986206;-546.8800617218018;463.7099418640137
-7.735317572951317;-0.18188953399658203;2.4090662598609924;103.87302532196044;-784.4453025817871;-17.86864185333252
-9.72236841917038;-0.204487144947052;-2.4066075682640076;101.62401809692382;-556.5826774597168;357.33090019226074
-8.560683019459248;-1.7673522233963013;1.406606286764145;121.98091163635253;-720.4950023651123;85.48035478591919
-7.341485470533371;1.0705724358558655;1.9245833158493042;-93.7653528213501;-822.3819519042969;-23.2722487449646
-6.783119402825832;1.687958836555481;-0.7344044744968414;1.4752776861190797;-829.4708229064942;204.48029136657715
-6.777465529739857;-0.7242724299430847;0.4754796624183655;-81.9339285850525;-803.4475303649903;169.16110610961914
-5.924513563513756;0.14708340167999268;-1.096605509519577;190.80733909606934;-557.623889541626;402.1095142364502
-9.623157978057861;0.0001475214958190918;-0.49058496952056885;89.72750558853149;-763.6210037231446;99.95411968231201
-6.123749725520611;0.7008478045463562;0.7704466581344604;223.71220722198487;-737.2767616271973;192.03389739990234
-6.56246580183506;-1.5641704201698303;-1.1473461985588074;163.3002914428711;-637.637145614624;376.8332920074463
-8.65330696105957;1.7885774374008179;0.6502076983451843;126.03838577270507;-667.6275325775147;274.4220886230469
-9.08242017030716;-0.9851083159446716;-2.5933943688869476;143.51244106292725;-720.1396633148194;245.23393249511716
-10.602990165352821;0.6135374307632446;-1.581571251153946;-17.410793459415437;-690.225322341919;276.3921604156494
-9.19213481247425;1.773141324520111;-1.0863862931728363;82.91571750640868;-769.1324211120606;195.99961853027344
-9.857631102204323;-0.36412328481674194;-1.7622493207454681;-15.934277182817459;-646.3434673309326;352.23656272888184
-9.535335749387741;-0.8393481373786926;-0.012608617544174194;68.48218574523925;-781.4551902770996;173.33551025390625
-7.650720700621605;-1.2603968381881714;0.7440671324729919;188.4043659210205;-729.4809318542481;-156.59565353393555
-9.829014167189598;-1.4290809631347656;-0.012378394603729248;113.34839000701903;-596.9379783630371;383.0324993133545
-10.255077481269836;-0.7552072405815125;-1.9104838371276855;84.85159292221068;-744.3777633666992;129.74553680419922
-7.380525581538677;-1.8584579229354858;-1.6462862491607666;103.78429069519042;-714.9276519775391;332.92139625549316
-7.2956230491399765;0.27269572019577026;-2.3005306720733643;-30.454047775268556;-685.5539012908936;357.752872467041
-8.440205454826355;1.2276381254196167;-0.672420859336853;164.793931388855;-692.8650451660156;221.36087036132812
-8.891317248344421;-1.0357528924942017;-1.5665419399738312;106.40714778900146;-622.463395690918;314.79944801330566
-8.26359260827303;2.0576968789100647;0.5411334335803986;105.8265604019165;-679.2442584991455;392.00881576538086
-7.5935304164886475;0.29783695936203003;1.024959236383438;7.60897114276886;-823.6108757019043;104.24319362640381
-9.679679945111275;-1.7804011702537537;1.0848462581634521;113.21543827056884;-710.6827808380127;316.9580612182617
-7.862882316112518;1.830039918422699;-1.7517663538455963;102.35661163330077;-771.8942237854004;270.2410182952881
-5.633772723376751;-1.242595911026001;0.3714121878147125;59.29285898208618;-506.3911796569824;433.2560119628906
-8.234680071473122;-0.7996335625648499;-0.4016272723674774;172.5502504348755;-679.5384288787842;235.94851112365723
-6.575762294232845;-1.5057563781738281;1.440739631652832;89.26300420761108;-680.3768230438233;314.2592010498047
-9.16566364467144;-0.9951397776603699;-0.2559363842010498;13.043832921981812;-670.8136821746826;314.9334011077881
-10.632513463497162;0.6810352206230164;0.5608856678009033;190.7174171447754;-748.3969284057617;114.72834205627441
-8.923047222197056;1.217128336429596;1.7081178724765778;128.57355251312256;-758.7935997009278;210.65380668640137
-8.972631208598614;2.554066479206085;-1.364891231060028;226.95403232574463;-741.2978721618653;157.39288902282715
-8.049614913761616;-0.8282437920570374;1.7767243087291718;155.53085460662842;-585.0498558044434;376.4312324523926
-9.52853187918663;-2.467457950115204;0.47845467925071716;41.97668924331665;-636.3388420104981;333.2743892669678
-6.832912936806679;-1.403018832206726;-0.6146036088466644;103.98313179016112;-750.3201080322266;281.9582805633545
-7.047051005065441;-1.0067448019981384;2.4936698377132416;167.76301517486573;-732.4819732666016;290.8695659637451
-7.409726455807686;0.22737085819244385;0.3447622060775757;121.47142066955566;-764.6431900024414;185.74921703338623
-8.370062336325645;1.4768511056900024;2.5105319917201996;-133.85562286376953;-809.5357299804688;16.174927711486816
-7.816137000918388;-2.445709705352783;-0.3836318850517273;235.54667129516602;-602.5598026275635;261.0590515136719
-8.30532107502222;-1.320970058441162;1.6031138598918915;215.10047092437745;-609.75407371521;227.58024787902832
-7.727799005806446;-0.10032802820205688;-0.7681421935558319;-51.40376672744751;-782.1691299438477;208.40469932556152
-7.350489869713783;1.7573609948158264;-2.1753162145614624;74.4337357521057;-749.2116333007813;184.3791446685791
-10.764164105057716;0.40741413831710815;-0.5092374980449677;15.493462228775025;-632.915055847168;288.59347915649414
-7.318464294075966;-2.2238239645957947;0.3575943410396576;158.37451114654542;-577.5951171875;368.8227996826172
-7.346426323056221;1.8650874495506287;0.7227793335914612;78.40830459594726;-743.660962677002;229.3678150177002
-8.369733765721321;-0.5177199840545654;1.060391217470169;92.91755332946776;-545.5653644561768;397.82765007019043
-8.434255979955196;-2.0434990525245667;-1.3560310006141663;107.17966690063476;-621.5453506469727;335.3181610107422
-7.912474125623703;-0.7610365748405457;0.24134963750839233;149.10622730255128;-622.9517723083496;265.9045658111572
-7.760989665985107;2.3370757699012756;0.530717521905899;-67.45242462158204;-701.8085456848145;282.35247230529785
-6.648223847150803;-2.256426215171814;0.25028809905052185;22.0107759475708;-703.5386920928955;347.4840602874756
-6.613282486796379;0.8970737457275391;1.6394153237342834;-15.844970351457595;-800.1172996520996;113.4735689163208
-8.850154280662537;0.10778456926345825;2.6207953691482544;174.043404006958;-678.3510757446289;219.63879203796387
-6.297998875379562;0.6455093622207642;-1.8538355827331543;-112.01470956802369;-776.3029457092285;269.33996772766113
-7.000068761408329;0.3629833459854126;1.90826877951622;-96.68825254440308;-785.716512298584;-40.50151491165161
-6.612364389002323;1.3443812727928162;0.5047380924224854;73.12544717788695;-748.2181144714356;332.6166400909424
-7.461253367364407;-0.9120538830757141;-0.735030323266983;10.735252046585083;-596.9774890899658;379.7643814086914
-9.720917791128159;-0.8579939603805542;1.3825871050357819;248.79109039306644;-688.3697486877442;92.59437417984009
-9.222610294818878;-1.5513986349105835;-1.8634401261806488;220.86088314056397;-741.1637474060059;40.03008699417114
-6.743980385363102;0.09927749633789062;-0.7973514497280121;-22.777524447441102;-751.3083625793457;184.156156539917
-9.176793694496155;2.6518911123275757;-0.4201523959636688;35.63715591430664;-753.4441162109375;287.81084632873535
-9.602256864309311;-1.203542947769165;-2.398187667131424;-36.05542645454407;-685.3523708343506;356.25349617004395
-7.119578495621681;-2.191042900085449;-1.1312641203403473;57.11031332015991;-525.7907176971436;399.550386428833
-11.199945956468582;-0.06963014602661133;-0.6642580032348633;-10.656098878383636;-625.7691074371338;392.4004325866699
-8.344366773962975;-1.3659149408340454;-0.05505457520484924;121.80859222412109;-757.6537109375;33.7112352848053
-7.434355281293392;-1.7249509692192078;0.4311002790927887;284.1536773681641;-636.6726947784424;250.74552154541013
-8.065611496567726;-0.6625503301620483;1.1224642395973206;41.35265007019043;-767.3111511230469;109.33348274230957
-7.075495831668377;1.1973381042480469;0.47396644949913025;196.01445808410645;-757.4823928833008;180.00383949279785
-7.342731021344662;1.722840964794159;1.5968799591064453;180.42920722961426;-749.9272895812989;198.49571800231934
-8.321063965559006;0.11284947395324707;-1.0799646377563477;19.319883728027342;-574.1309619903565;464.98950576782227
-7.263290137052536;2.7376770973205566;-0.08020028471946716;-37.96057984828949;-729.9052787780762;370.2127990722656
-7.934338040649891;-0.7662087678909302;-2.7396775782108307;168.83083477020264;-627.0236660003662;350.72846031188965
-5.98478727042675;-1.0725438594818115;1.272551715373993;202.44467868804932;-644.5597625732422;358.102575302124
-10.566741228103638;1.7637759447097778;0.18619000911712646;-80.43654785156251;-791.4619613647461;161.00584602355957
-10.949940606951714;0.38229525089263916;1.2531168758869171;43.42202081680298;-719.6311164855957;177.0765838623047
-8.930733427405357;-0.822874903678894;0.46248435974121094;245.24027481079105;-629.2275978088379;321.7386302947998
-10.074450820684433;0.7975637912750244;-2.0825766026973724;96.51080503463744;-534.4502044677735;387.8562984466553
-9.43024568259716;-0.10394454002380371;-1.3159096240997314;184.12958278656006;-659.8556495666504;242.495246887207
-8.09942688792944;0.023746490478515625;2.9547661542892456;78.67686882019042;-655.8965087890625;233.5868797302246
-7.292879372835159;-2.2162914276123047;-1.6220279037952423;-40.67331776618958;-574.8330570220947;417.7535877227783
-7.617398723959923;-1.5701383352279663;0.7138542830944061;268.46090927124027;-658.4902549743653;178.10436344146729
-6.44705705344677;-0.6382361054420471;-1.3365961611270905;89.70657720565795;-756.6158462524414;267.8799304962158
-5.936096794903278;0.4447728395462036;1.4220736920833588;65.98410501480102;-728.9359069824219;348.0489978790283
-8.63269530236721;1.0388687252998352;-0.31133294105529785;58.494368934631346;-762.0911003112793;188.06746101379395
-6.485863029956818;1.4002025127410889;1.2866422533988953;85.18884315490722;-596.4136959075928;390.9256896972656
-8.314056135714054;-2.3283809423446655;-1.2595675885677338;88.35092439651488;-712.3101306915283;337.0078525543213
-5.595206469297409;0.37157535552978516;0.10533705353736877;-91.23313293457032;-780.1193214416504;163.16362953186035
-7.834144681692123;1.5950918197631836;-1.8226325511932373;33.636227989196776;-735.6157661437989;279.29209327697754
-6.963436491787434;-0.10998845100402832;0.5335763096809387;245.17172470092777;-652.6968551635742;250.34523582458493
-8.192852698266506;1.4809861779212952;-0.45310109853744507;5.4348351001739506;-790.2530075073242;257.499080657959
-5.659494549036026;0.4368111491203308;0.6943613290786743;138.03857460021973;-640.2569271087647;364.49438667297363
-6.788592226803303;1.43575519323349;1.163269579410553;27.64313950538635;-562.585876083374;405.45313453674316
-7.755686715245247;-2.454426884651184;-0.14530867338180542;119.76999893188476;-782.4825836181641;-13.556186199188232
-7.332050800323486;-1.9149541854858398;-0.6516069173812866;-107.87440881729127;-725.9188438415528;311.5268669128418
-9.55241471529007;-1.7493367195129395;0.8712038397789001;-75.13894901275636;-594.0554405212403;377.05822563171387
-10.268290713429451;-1.6239210963249207;0.42228028178215027;-88.81300077438355;-770.0160766601563;124.89764785766602
-6.960714608430862;1.4190539717674255;-2.0034022629261017;87.08686008453368;-718.9418960571289;244.18485260009763
-9.993676096200943;-1.8965363502502441;-0.5851350724697113;15.032293939590454;-667.3512435913086;340.2297649383545
-7.599885016679764;-2.63005793094635;-0.6102584302425385;178.5967077255249;-665.1668525695801;286.02894401550293
-9.264451637864113;2.5025054812431335;1.2060083448886871;174.17900218963624;-757.4611068725586;71.9741735458374
-8.434342592954636;-2.7160048484802246;-1.0911740362644196;191.52960433959962;-716.286695098877;213.2303581237793
-8.531270921230316;2.258053421974182;0.8495517075061798;126.78861751556396;-722.8027320861817;288.41615295410156
-7.389163970947266;0.6363540887832642;-2.3245297372341156;78.47635402679443;-617.6421142578125;340.0279483795166
-7.974749431014061;0.10719001293182373;-1.9965268671512604;157.8484977722168;-681.8598915100098;283.5085258483887
-10.901055112481117;0.98847895860672;-1.0048359632492065;212.05571308135987;-688.8051677703858;110.94722843170166
-7.880061864852905;1.1425137519836426;0.8351996541023254;0.029298806190490856;-781.1897445678711;83.36177444458008
-9.738762304186821;1.4290407299995422;0.15482380986213684;52.69188537597656;-714.1013027191162;166.04467964172363
-7.401310466229916;-0.03513693809509277;-1.315636932849884;-2.1956275463104244;-691.7446399688721;341.78112602233887
-7.573229447007179;-0.28582513332366943;-1.3392850756645203;142.78851642608643;-664.8642707824707;374.6685848236084
-9.894891455769539;-0.15200525522232056;0.09217634797096252;84.06889572143554;-756.8990303039551;224.83469581604004
-9.982353821396828;-1.6033574938774109;-1.5250615775585175;50.89063539505005;-528.3923316955567;433.53567695617676
-7.238871976733208;0.20307451486587524;1.328093558549881;23.63426342010498;-743.3147216796875;280.84705924987793
-8.655200712382793;-0.6983846426010132;-0.43873563408851624;247.6570381164551;-733.4978652954102;94.93539905548096
-7.652400992810726;-0.26219040155410767;-0.3801785409450531;-27.00880036354065;-811.2447334289551;86.95707178115845
-8.116759546101093;2.810150384902954;0.9781882166862488;19.113310718536376;-769.0112854003906;163.0920467376709
-10.835735499858856;-0.8231297135353088;0.6001129746437073;-39.7292177438736;-778.872087097168;74.98780345916748
-9.712529182434082;-2.2443339228630066;0.7183536887168884;91.34293212890624;-792.6873947143555;166.1077365875244
-8.476103469729424;0.3995642066001892;0.47493427991867065;248.7956108093262;-725.5704284667969;-10.881115436553955
-8.338909596204758;-0.9396538138389587;-2.514714002609253;-20.03681287765503;-547.0302940368653;465.27557945251465
-8.09347853064537;0.7971033453941345;1.86515673995018;-13.818856036663055;-766.2483383178711;214.17944526672363
-7.989678718149662;-0.1877322793006897;-2.2722959518432617;23.242371225357054;-728.422811126709;271.8558940887451
-6.5387193113565445;1.898123323917389;1.3585209846496582;-64.60329279899598;-844.0930534362793;-1.8240609169006343
-5.356251262128353;-0.4168286919593811;0.12060999870300293;22.6196409702301;-642.9075504302979;372.8189334869385
-6.811455823481083;0.40571093559265137;-1.5501022338867188;-2.486824250221252;-792.6284004211426;120.08562183380127
-7.71264061331749;1.689291000366211;2.2428832948207855;34.405775213241576;-617.2442890167237;326.1320457458496
-8.239113539457321;-0.06528496742248535;-2.7253881096839905;167.83874645233155;-632.094857788086;333.8126907348633
-8.437640592455864;1.579691469669342;-0.8366614580154419;-1.4081041574478148;-743.3708549499512;141.3490447998047
-5.94519954174757;-1.3433486223220825;0.5376286804676056;283.31047668457035;-698.9919830322266;121.05672454833984
-9.26683321595192;-2.6650696992874146;-0.3494851291179657;115.23174419403075;-629.3417812347412;347.26044273376465
-8.40282328426838;2.6710867881774902;0.43238773941993713;149.25747528076172;-768.8528991699219;24.871647119522095
-5.534080043435097;0.27147531509399414;0.7831960916519165;210.44561519622803;-774.0031410217285;22.126956939697266
-9.227318689227104;-1.8051043152809143;1.6194775700569153;7.381133580207825;-595.6846214294434;389.14035415649414
-6.844944320619106;-1.5640676021575928;0.6267160177230835;-108.79580841064454;-781.8342758178711;157.37789726257324
-6.735881790518761;-1.314854621887207;1.7673052847385406;120.76543464660644;-737.2246910095215;316.7593059539795
-6.213570199906826;-1.015251874923706;1.8243692815303802;194.95037212371827;-642.9006267547608;301.6414318084717
-9.838633239269257;-1.606200635433197;1.829112321138382;101.5288604736328;-659.432447052002;217.31973266601562
-7.304977811872959;0.4931643605232239;-1.5009820461273193;-66.05305180549622;-613.7935520172119;447.7914390563965
-5.384121090173721;0.18502771854400635;-0.3513514995574951;134.15084495544434;-564.95746383667;393.3947238922119
-9.504945203661919;-0.5131825804710388;-0.017993152141571045;14.826400423049927;-578.1772495269776;375.1892337799072
-8.9380893856287;1.169617474079132;-0.5884028971195221;-110.53463802337647;-769.643514251709;230.6652317047119
-7.283066399395466;-2.3425519466400146;0.24565458297729492;286.48295059204105;-711.1975074768067;129.30748558044434
-10.359634459018707;-2.027258276939392;0.5952760577201843;39.73343267440796;-651.0801483154297;233.82772064208984
-6.833873502910137;-0.6771191954612732;1.9410565495491028;69.1679944038391;-790.0432945251465;86.38581848144531
-8.494394458830357;2.1835237741470337;1.3810090720653534;-39.37128231525421;-683.6777568817139;354.01700592041016
-11.252394318580627;0.33742189407348633;0.040952861309051514;41.274916076660155;-759.7930694580078;133.24544048309326
-6.142828613519669;0.6144985556602478;1.413242518901825;70.85217132568359;-810.809285736084;123.17053413391113
-8.947631902992725;1.7616569995880127;-0.4655219614505768;188.21103229522706;-678.8203121185303;252.31138801574704
-7.65632763504982;2.4201929569244385;-0.8889131247997284;114.40938606262206;-579.957406616211;353.1027660369873
-6.785119883716106;1.4113068580627441;-1.5392571687698364;-88.64804849624635;-731.1209846496582;261.1747798919678
-9.258176386356354;-1.7322465777397156;1.303005963563919;103.14962997436523;-620.5488563537598;306.80663681030273
-10.71154810488224;-0.03358125686645508;-0.41748806834220886;207.07389965057374;-580.6679416656494;275.10767555236816
-6.897360272705555;-0.9576067328453064;-1.020491123199463;19.065499448776244;-688.5220981597901;311.0569152832031
-7.386232540011406;1.4009535312652588;2.4477414786815643;-9.905666863918304;-810.538289642334;1.5797481536865239
-8.75735655426979;-0.9063720703125;0.8885353803634644;141.66068687438965;-759.345662689209;16.483124256134033
-6.867286004126072;0.5367591977119446;-1.5376836061477661;-41.23228297233582;-806.2309623718262;58.159953117370605
-8.084184117615223;1.708996295928955;-0.7722705602645874;63.484715366363524;-612.2632766723633;432.9822406768799
-6.080386228859425;0.9548619389533997;-0.46306997537612915;-113.75169382095338;-728.8123680114746;345.2523765563965
-6.346161849796772;1.3613775372505188;-1.1057227849960327;-70.81820354461671;-626.229846572876;454.4355640411377
-8.094559796154499;2.3470669984817505;0.9782373905181885;81.71101942062377;-708.3901000976563;303.92630195617676
-8.3244189620018;1.163819432258606;2.7413204312324524;-94.50074300765992;-716.6405750274658;323.20373153686523
-9.208174422383308;0.6080791354179382;1.49821937084198;20.514625453948973;-660.8807540893555;423.354211807251
-8.587873913347721;-1.7351701855659485;1.217564195394516;183.006502532959;-615.3629947662354;306.3237533569336
-5.835664831101894;0.14975666999816895;1.3767845928668976;217.87210121154786;-587.5264430999756;345.43044662475586
-7.572810351848602;-1.1187314987182617;0.5039647221565247;141.51617660522462;-779.1229988098145;180.43153381347656
-10.378950834274292;0.8054450154304504;-0.6738603115081787;52.18723669052124;-623.4435249328614;339.8975715637207
-8.959077671170235;-1.0632410645484924;0.2044469118118286;146.15350856781006;-736.9940353393555;-62.812029361724846
-6.221926957368851;1.1665865778923035;-1.6529828310012817;11.181872034072876;-538.8652492523194;437.2341785430908
-8.949212171137333;-1.229555904865265;-0.2001643180847168;117.7133955001831;-788.8562561035156;15.286290407180784
-6.3377805054187775;-1.4533862471580505;0.585472583770752;87.47048749923705;-515.8070636749268;470.9600315093994
-8.143149688839912;-0.8272960782051086;-2.407754212617874;43.49285259246826;-621.2864852905274;380.4388961791992
-8.494286611676216;-0.13290345668792725;1.8788740038871765;222.6599802017212;-711.8210960388184;-5.812312602996826
-8.284134417772293;-1.2629762291908264;-2.5237396359443665;114.75629940032958;-740.7253814697266;212.76630020141602
-6.954634375870228;0.7084116339683533;-0.6650425493717194;162.82624855041504;-642.5268341064453;410.63476181030273
-8.818443305790424;-2.0494312047958374;-0.8569680154323578;-24.45338294506073;-569.4499565124512;380.5117664337158
-6.523045711219311;2.3292526602745056;0.5430020391941071;170.3068365097046;-686.1946273803711;298.7182960510254
-7.225574366748333;-0.29428303241729736;-1.4932326972484589;171.91857948303223;-650.7184577941895;259.9679718017578
-7.729911804199219;0.8761346340179443;2.5596678256988525;52.27480545043945;-797.2910095214844;125.07042503356934
-7.621100731194019;-1.291908323764801;0.23935362696647644;131.6082109451294;-764.6569801330567;150.02040481567383
-9.374336153268814;1.907716691493988;-0.1486167311668396;125.64848556518554;-699.7996784210205;351.17271995544434
-6.290953606367111;-1.2457609176635742;-0.06881207227706909;81.32513895034789;-788.6190200805664;233.04030990600586
-9.942352026700974;-0.02208799123764038;1.424921303987503;119.12755622863769;-741.9218040466309;106.44879198074341
-8.357828669250011;-0.1399800181388855;0.5206771194934845;79.28357019424438;-735.1363731384278;221.11988639831543
-5.7541245594620705;-0.15644878149032593;0.9112425148487091;68.5506643295288;-739.0032745361328;208.48309135437012
-6.0755280777812;-0.6375476717948914;-1.886245608329773;-26.866047835350038;-686.2817455291748;347.008358001709
-9.061442501842976;0.9761586785316467;0.17302259802818298;161.18636741638184;-752.1318794250489;127.91817283630371
-9.189747087657452;-0.28223544359207153;1.2210845947265625;249.73648681640628;-719.7115970611572;-35.939663887023926
-8.622377179563046;-0.2658337354660034;1.5801206231117249;153.65013256073;-694.150931930542;333.59167671203613
-10.742584615945816;0.5197450518608093;1.1705249547958374;118.67587223052978;-654.3336750030518;223.72716522216797
-8.710964396595955;-0.8390620350837708;-0.5761072039604187;163.25700416564942;-659.7414375305176;222.4848232269287
-7.799609005451202;-1.413390040397644;1.3771913945674896;151.07333793640137;-574.5670963287354;373.67194747924805
-5.456038936972618;0.20869821310043335;0.07092654705047607;53.678008460998534;-797.7784706115723;247.5778541564941
-7.864755392074585;-0.27756839990615845;0.8585549890995026;70.55036916732787;-738.416707611084;281.3379821777344
-9.50917862355709;-2.400536835193634;0.7124975323677063;22.293445014953612;-523.8746620178223;400.7244071960449
-8.83710253983736;-2.5595739483833313;0.8566215634346008;83.9971484184265;-770.2712799072266;112.75795555114746
-7.818269357085228;-0.686587393283844;1.609242707490921;133.9294589996338;-695.2406383514405;232.25238418579102
-8.444719389081001;1.0570809245109558;-2.2946029901504517;37.70101203918457;-562.5766063690186;412.093225479126
-6.4451683312654495;-1.4925777912139893;-0.1312248408794403;-1.9995348215103148;-753.3807731628418;241.03746986389157
-10.223059728741646;-0.7784217596054077;2.007727324962616;155.69090023040772;-725.9090019226074;196.71001052856445
-7.331050559878349;-0.10581761598587036;-0.9305700659751892;41.08565225601196;-607.4125553131104;445.02305603027344
-8.322697319090366;0.9812727570533752;0.1896187663078308;178.93028869628907;-651.4650417327881;217.84392929077148
-9.703068807721138;-1.3969078660011292;-1.4217674732208252;106.66346683502196;-771.7740036010742;93.5394344329834
-8.380462601780891;-1.0861068964004517;-1.9473440945148468;-117.03319416046143;-636.5493274688721;330.74830627441406
-5.54896853864193;-0.7007494568824768;-0.46243295073509216;30.211383247375487;-748.5368324279785;191.53916931152344
-9.065045043826103;1.3564646244049072;1.4948442578315735;7.1787573337554935;-763.8915992736817;187.68911933898926
-7.5576553121209145;-0.2625122666358948;2.2479504346847534;70.00271215438842;-666.9465805053711;407.55198097229004
-7.386024110019207;2.449871599674225;-1.2896664440631866;77.05027713775634;-596.2037254333496;388.9036045074463
-9.999780356884003;0.48638731241226196;0.30853450298309326;164.93047370910645;-532.6412082672119;370.98281478881836
-7.628962956368923;1.985880732536316;-0.7684037089347839;4.026866698265076;-748.3021713256836;174.78803730010986
-8.889002725481987;-2.5187820196151733;-0.18373578786849976;146.20034351348878;-735.8117462158203;142.6547727584839
-8.010431751608849;1.3250067830085754;-0.30246153473854065;163.2321990966797;-723.3481575012207;249.84269714355466
-8.866093307733536;1.1539489030838013;0.31647831201553345;130.39864196777344;-764.6874214172364;87.60009384155273
-6.852266192436218;2.111443877220154;0.7465973496437073;267.36410751342777;-738.7961936950684;127.37578010559082
-10.249089449644089;0.8138224482536316;-0.43228715658187866;129.7892583847046;-692.5717330932617;158.6502799987793
-9.307743608951569;0.8878335356712341;1.0409563779830933;217.63151779174805;-701.087024307251;151.78665733337402
-7.405968569219112;-2.5485634803771973;0.7868014276027679;166.00636138916016;-623.6352420806885;381.7305335998535
-6.563413515686989;0.5418062210083008;1.5485890209674835;114.19068946838378;-678.9810729980469;273.23047256469727
-7.740424945950508;-0.7759630680084229;0.7819734513759613;97.5617374420166;-645.4212451934815;318.507848739624
-8.375153504312038;2.778978645801544;0.12969374656677246;49.70738067626953;-757.855069732666;98.05027341842651
-8.315810188651085;2.553941309452057;-1.5697672963142395;63.231257343292235;-777.6679969787598;135.2574119567871
-7.536152936518192;0.9624794125556946;-2.726271003484726;8.503267908096314;-751.6047645568848;340.20679092407227
-6.952034309506416;-1.350921392440796;0.989755243062973;11.963879013061524;-727.199494934082;324.7522602081299
-9.177622944116592;0.743083655834198;-0.30080080032348633;192.58758201599122;-603.5213352203369;265.963960647583
-9.115300700068474;2.184896171092987;1.2534365057945251;-132.08552227020263;-786.1683822631836;1.8560085296630864
-7.953234761953354;-1.0409072041511536;2.384168654680252;236.3102783203125;-724.8291946411133;115.35709476470947
-6.244395487010479;-1.6695678234100342;-0.6885990500450134;182.03448429107667;-614.5343566894531;363.5489902496338
-8.072270080447197;-2.583897113800049;1.2447506189346313;297.63596191406253;-654.1010166168213;142.7922592163086
-7.753102853894234;-1.4304891228675842;-0.8702874183654785;73.87009992599486;-541.2683654785156;368.68813133239746
-8.43113511800766;-0.25133639574050903;-0.3361053764820099;186.6798843383789;-720.0414443969727;233.50585556030273
-9.69872698187828;-1.6940787434577942;-1.786668598651886;-168.3009229660034;-649.8761726379395;309.9997673034668
-6.293216161429882;-1.2744873762130737;-0.8895076811313629;248.05832519531253;-693.0631423950196;153.80705451965332
-6.0379765927791595;-0.6021782755851746;-1.598983258008957;256.1505569458008;-750.647981262207;168.41965770721436
-8.70482549071312;0.2477020025253296;0.2921171486377716;147.05823554992676;-583.9748550415039;368.46912002563477
-9.955189749598503;-0.7447376847267151;0.6296776235103607;120.49642696380614;-684.101989364624;301.047025680542
-8.376825973391533;1.3034999370574951;-2.3789964616298676;2.251433873176575;-821.7271209716797;169.43197345733643
-8.190318569540977;0.8339658379554749;0.13062134385108948;63.126887226104735;-676.7154289245606;315.2216491699219
-7.9810721799731255;1.3856470584869385;1.0611623525619507;32.001425170898436;-785.9902549743653;234.1600284576416
-9.685518220067024;-1.1636003851890564;2.0709626376628876;149.0926374435425;-675.4022193908692;212.47759437561035
-7.828244939446449;-0.47249794006347656;-0.4443638026714325;262.78830184936527;-679.2239738464356;160.6106243133545
-6.629515998065472;-2.2092998027801514;1.091884821653366;113.88827934265136;-785.2998329162598;272.27211570739746
-10.122151672840118;-1.7057418823242188;-0.5622200667858124;108.96382942199706;-612.4260688781739;374.4810733795166
-7.663610950112343;0.9578436613082886;-2.2708475589752197;112.92564525604247;-778.8327194213867;211.32259941101074
-6.902215629816055;-0.6176188588142395;-1.8040694296360016;5.427255177497864;-682.9870487213135;344.57666015625
-7.55256749689579;0.015082955360412598;1.9015543162822723;131.34997501373292;-625.5424858093262;382.3803005218506
-8.97160917520523;2.192750573158264;1.0958388447761536;63.76265659332275;-742.3935295104981;211.90252876281738
-9.84640158712864;-0.6833508610725403;-0.5712971091270447;12.046412372589112;-781.9544387817383;18.266786098480225
-9.340226836502552;-0.06516426801681519;1.0770298540592194;138.2293333053589;-777.2177291870117;59.15933704376221
-9.298664331436157;-0.2597227692604065;1.3366229832172394;135.93128814697266;-741.690518951416;107.72603130340576
-11.011984571814537;0.8809179067611694;-0.7793985307216644;36.21101632118225;-659.3346858978272;299.53031158447266
-10.650712251663208;-1.0077416896820068;1.2367844581604004;69.54288139343261;-762.3345733642578;256.2436065673828
-7.360711321234703;-2.2435784339904785;1.5651069581508636;68.70726957321166;-820.015714263916;11.98872184753418
-8.167871832847595;-0.9271636605262756;-0.419781357049942;-6.4408527374267575;-756.7507720947266;265.0188789367676
-5.904792621731758;0.35866498947143555;0.6882257759571075;177.89954795837403;-728.8908172607422;281.8856391906738
-6.025361828505993;-1.2639418244361877;-1.349327713251114;100.33757343292235;-658.6187435150147;330.0464401245117
-8.403795585036278;-1.6868099570274353;-0.433078408241272;224.3236650466919;-717.8801990509033;102.06330871582031
-7.699420675635338;-2.162964642047882;1.233961433172226;176.34448184967042;-747.4427200317383;219.38765144348145
-6.914896331727505;-0.07416754961013794;0.5682773888111115;94.0690649986267;-776.6875816345215;-5.657602787017822
-8.043966628611088;-1.310768723487854;0.8106887340545654;223.92429485321045;-662.3418785095215;215.6436882019043
-8.789215609431267;1.213337481021881;-2.502983808517456;92.5877417564392;-636.4600063323975;318.2317600250244
-7.026624865829945;0.32865554094314575;-2.4623259902000427;119.11612644195556;-531.2098098754883;406.8197593688965
-7.791093550622463;-2.459442615509033;1.6072757542133331;34.003139877319335;-688.4154392242432;273.7507781982422
-8.208169788122177;0.9351298213005066;-0.9614668786525726;102.979270362854;-801.895883178711;16.719369649887085
-9.835908561944962;-1.1535778641700745;2.2311151027679443;264.49312820434574;-640.5922389984131;235.3952465057373
-8.838198333978653;1.2702807784080505;0.465557724237442;163.80726470947266;-683.3754611968994;241.56999206542966
-5.870554223656654;-0.35136938095092773;0.9218640625476837;66.98237314224242;-563.203084564209;438.2009754180908
-8.614726178348064;0.7472455501556396;2.790885418653488;23.047714376449584;-799.1036964416504;94.24270248413086
-9.66353639960289;1.3206124305725098;0.5679532885551453;131.69078006744385;-752.7598167419434;98.26748943328857
-8.268578164279461;-2.595001459121704;-0.7478490471839905;23.422619247436522;-697.6173473358155;267.0762405395508
-8.560402505099773;1.1464163661003113;1.2783698737621307;3.8402815103530887;-720.2014614105225;228.2409152984619
-8.085294999182224;-0.6537973880767822;2.6431940495967865;134.08229484558106;-803.7600112915039;167.04196071624756
-9.200166910886765;-0.5555883049964905;1.1700555682182312;89.16656627655028;-518.3940292358399;401.71532249450684
-7.968982122838497;2.3187562823295593;0.020118802785873413;106.67409553527831;-722.2696949005127;280.40463066101074
-8.095040917396545;-1.3824909925460815;-0.9134821593761444;88.23411598205566;-679.6677185058594;271.4303169250488
-8.19718949496746;0.019969046115875244;-0.9403310716152191;318.2075752258301;-683.6301494598389;39.287086486816406
-7.4699655175209045;-1.0349169373512268;-2.2263094782829285;130.52365436553956;-791.1055351257324;179.09321880340576
-8.062776736915112;1.2594714760780334;1.6433313488960266;93.76034631729125;-785.8882308959961;53.52423048019409
-9.863034635782242;-1.6990765929222107;1.3993419706821442;13.984587335586548;-704.0113903045655;221.42595863342285
-9.432147815823555;1.6317352652549744;1.3667531311511993;121.90641059875487;-614.1753555297852;351.40812492370605
-10.902367159724236;0.7814213633537292;-0.4857167601585388;-103.81580457687379;-680.7179141998291;321.67957878112793
-10.813265293836594;0.9383618831634521;1.0931387543678284;59.104739570617674;-754.6841979980469;113.3957633972168
-10.664888843894005;-1.1725813150405884;-0.10750517249107361;2.9800523757934574;-601.790616607666;342.05664253234863
-6.7214783281087875;-2.1210819482803345;-0.45715346932411194;246.54438629150394;-649.8203254699707;275.8345470428467
-7.670063897967339;-0.06100684404373169;-1.8216200172901154;-38.98110136985779;-613.7482620239258;411.8738136291504
-6.634913384914398;-1.5823647379875183;-0.598512589931488;236.8288673400879;-671.4462829589844;205.17054176330566
-7.313249632716179;-0.4064306616783142;1.5392482280731201;226.46245136260987;-644.6643615722656;311.34104347229004
-6.200564280152321;-1.0394051671028137;0.9743548929691315;-1.5464632272720336;-709.623344039917;361.4172992706299
-7.5353192165493965;-1.3291150331497192;1.4635004103183746;165.74454917907715;-508.53731880187985;366.49235343933105
-7.656191289424896;-2.4628043174743652;-0.32756030559539795;12.320090675354004;-616.6929698944092;387.99957847595215
-7.196048833429813;1.4028266072273254;-1.3623900711536407;136.31336345672608;-669.444596862793;268.8917598724365
-8.718381822109222;-2.1196380257606506;0.17865970730781555;19.915076637268065;-763.2515312194824;163.65612602233887
-9.320936724543571;0.8299693465232849;0.581301748752594;234.62959899902344;-685.4922462463379;241.27009963989255
-7.070995308458805;0.21035224199295044;0.6700694561004639;-17.958318597078325;-623.4430099487305;348.88601875305176
-8.488892018795013;-2.4670466780662537;-0.5917802453041077;125.94222679138183;-764.4356513977051;97.41582012176514
-7.6909264549613;1.0324180126190186;0.43283477425575256;84.56971063613891;-700.8573127746582;215.06970977783203
-6.155119277536869;0.16887634992599487;1.9392572343349457;-50.402587509155275;-829.3986679077149;-62.34641218185424
-8.786668628454208;-1.8049165606498718;-1.160547137260437;102.13491096496581;-630.719707107544;334.8486671447754
-9.421702846884727;-1.1115789413452148;-1.1674180626869202;204.10049571990967;-704.084489440918;155.43978309631348
-7.80438669025898;0.9757563471794128;-1.7194055020809174;137.75178565979004;-799.3884826660156;59.03366661071777
-10.247953981161118;0.7383003830909729;0.8967049419879913;101.44963874816894;-707.5945640563965;226.1513671875
-8.299406245350838;-1.1426880955696106;-2.6975758373737335;151.59384384155274;-616.537873840332;428.02425956726074
-6.221241876482964;0.9585991501808167;1.0459721088409424;24.827127599716185;-740.804231262207;337.2506103515625
-7.101036049425602;-0.10342150926589966;-2.499009668827057;-33.708450651168825;-719.6254516601563;350.6611976623535
-5.957846716046333;-0.6287455558776855;-1.319984346628189;-34.49737594127655;-761.6827178955078;294.71910095214844
-9.53659638762474;-1.3850346207618713;-1.7630472779273987;91.04595079421996;-705.1179767608643;139.30126762390137
-9.46105532348156;-1.7325952649116516;-2.038463205099106;115.94492568969726;-584.8435760498047;361.5508518218994
-7.404505088925362;1.407046616077423;-0.7375359535217285;-59.07252058982849;-788.6149574279785;163.42478370666504
-6.504418328404427;-0.9476110339164734;-0.8196987211704254;-18.1557376742363;-644.8220325469971;488.6290512084961
-9.532997757196426;-1.6434252262115479;-1.5481308102607727;255.63809051513675;-632.3984123229981;266.1148223876953
-6.005604565143585;1.3970419764518738;0.11312216520309448;196.02286949157715;-700.6209636688233;296.3053092956543
-8.164704591035843;0.9205341339111328;-0.06285086274147034;147.26146831512452;-693.1224227905274;376.47011375427246
-7.194300927221775;-0.415116548538208;2.1828018128871918;-13.053068375587463;-778.8582397460938;24.444936275482178
-11.166040599346161;0.7040262222290039;-0.2323642373085022;63.96186246871948;-682.4353576660156;299.9187812805176
-9.569645673036575;1.5985473990440369;0.13620704412460327;169.34812202453614;-617.6216293334961;394.699893951416
-8.607125468552113;-0.4524126648902893;-1.6005456447601318;189.95818748474122;-747.605168914795;130.6927785873413
-5.654682219028473;0.4887208342552185;-1.1691927909851074;61.39664783477783;-602.7345539093018;388.2681140899658
-7.575835660099983;0.47576576471328735;2.5526538491249084;-61.51421055793762;-667.7979351043701;311.3017330169678
-10.701815038919449;-0.11883080005645752;-0.7176026701927185;15.017817163467408;-572.3039413452149;377.7213535308838
-7.985834218561649;-2.4435415863990784;-1.5359826385974884;290.04870071411136;-678.7260986328125;76.05138158798218
-8.087088167667389;0.2314746379852295;-0.048373639583587646;-2.943786835670471;-815.8943534851074;184.5810899734497
-6.711779907345772;1.8172189593315125;0.05989372730255127;82.67084970474242;-807.0048118591309;229.17415237426758
-8.178992941975594;0.08368939161300659;-2.8154611587524414;14.607235336303711;-783.881795501709;117.52271747589111
-6.64954986423254;-1.4850452542304993;-0.6763502955436707;141.9585765838623;-723.050668334961;263.5419330596924
-7.2645703330636024;-1.1135727167129517;1.5346750617027283;133.25093879699708;-657.3618961334229;366.47947883605957
-10.872015729546547;1.070210337638855;0.4253894090652466;8.401787424087525;-730.6177879333496;143.95555114746094
-7.076732441782951;1.4007478952407837;1.740340143442154;79.33649911880492;-805.8829475402832;47.44723892211914
-7.921819388866425;-0.619138777256012;-1.8563032150268555;-6.101969933509826;-644.7482181549072;438.85008430480957
-6.5756455063819885;0.49463510513305664;-2.338016778230667;31.153721952438353;-741.0127998352051;173.20985412597656
-9.757029265165329;0.34604519605636597;0.6184592843055725;71.05511083602904;-537.3400379180908;365.19633865356445
-6.33455291390419;-0.8267059922218323;-0.7721006870269775;126.02648391723632;-785.5322624206543;113.9584264755249
-7.158287242054939;-1.989331841468811;-0.8196808397769928;184.5155776977539;-698.9192558288574;217.25919342041016
-9.053147211670876;-1.0954856872558594;-0.7668770849704742;35.701564693450926;-787.5272537231446;137.50465965270996
-8.428646251559258;1.430220901966095;1.8493562936782837;146.97968616485596;-741.65029296875;211.92321395874023
-8.789828047156334;0.011591613292694092;-1.5502050518989563;84.38935890197753;-778.5378623962403;250.80391502380368
-8.132722601294518;-0.23175179958343506;-1.2207470834255219;106.9670928955078;-750.1154876708985;255.9567890167236
-6.351359188556671;-0.8027538657188416;-1.3857655227184296;106.3242353439331;-626.1695362091065;324.92964363098145
-6.800397299230099;0.04540085792541504;2.486908435821533;-111.37475595474244;-723.823316192627;258.1002674102783
-7.807765156030655;1.3375237584114075;1.2193478643894196;166.22645988464356;-807.9619384765625;69.33634614944458
-10.967420786619186;-0.3806501626968384;1.1698231101036072;17.451321029663085;-695.2871013641358;258.2575378417969
-8.779066801071167;-0.27952641248703003;-2.266891300678253;177.81247272491456;-684.5825553894043;214.4948444366455
-7.137580588459969;2.427050471305847;0.058659911155700684;167.6933921813965;-794.8706413269043;-16.812988758087158
-5.848779156804085;-0.11716783046722412;-1.2540154159069061;-44.11519632339478;-821.5892196655274;135.80649948120117
-9.80864055454731;-1.0662451386451721;1.851975917816162;95.48200979232787;-555.0066257476807;385.2286491394043
-7.978915795683861;-1.8759414553642273;-0.4848562180995941;27.363882207870482;-727.470548248291;271.5036163330078
-5.542794428765774;-0.5020827054977417;-0.4910789430141449;31.39998092651367;-793.9550567626953;265.81581687927246
-8.063375763595104;2.287454903125763;0.9962394833564758;88.10483350753783;-622.4830509185791;349.3542537689209
-10.76725423336029;0.2697363495826721;1.506216824054718;88.97844686508178;-771.3843322753906;62.91514492034913
-8.79020020365715;1.9057586789131165;-2.239678055047989;72.63114824295043;-562.3598266601563;437.879940032959
-7.673242874443531;2.306699752807617;0.4247210919857025;164.01086940765381;-680.9810710906983;273.86865234375
-8.63492600619793;-1.9830197095870972;-1.2007780373096466;56.06087579727173;-667.7595687866211;330.3756294250488
-7.937205210328102;-0.5487129092216492;1.8872067332267761;113.2153953552246;-742.148454284668;89.84915828704834
-8.325034752488136;2.467373013496399;-1.1874809861183167;62.583722019195555;-757.0702339172364;193.67520904541016
-9.258893318474293;2.6618152856826782;-0.5562253296375275;203.2064832687378;-639.6089626312256;301.77052116394043
-7.368041574954987;0.6836816668510437;-1.5150636434555054;-24.363766765594484;-703.6019779205322;303.7579593658447
-7.123283296823502;1.6602516174316406;-1.6790516674518585;91.36968984603881;-800.9592414855957;189.24836254119873
-8.839214779436588;-1.9431933760643005;-2.1331384778022766;32.37005724906921;-629.3159461975098;330.1568183898926
-8.214084059000015;1.667940616607666;-1.82856023311615;-51.99340567588806;-623.4314228057862;342.201753616333
-10.934390500187874;-0.47358423471450806;-1.2347772717475891;208.56193199157715;-680.3072429656983;72.50330543518066
-6.022270582616329;-0.7084921002388;-0.5960896611213684;31.751693630218504;-759.6410346984864;210.78052139282227
